#World 0
$W0L0;46 26 72 78 56 70 10 72 52 99 ;0 1 0 2 1 2 1 3 2 3 2 4 3 4 3 0 
$W0L1;92 11 91 71 10 63 79 50 5 25 ;0 1 0 2 1 2 1 3 2 3 2 4 3 4 3 0 
$W0L2;59 44 10 22 65 89 15 5 52 67 ;0 1 0 2 1 2 1 3 2 3 2 4 3 4 3 0 
$W0L3;17 23 61 22 1 76 47 98 59 22 ;0 1 0 2 1 2 1 3 2 3 2 4 3 4 3 0 
$W0L4;55 22 53 8 46 28 43 81 10 43 ;0 1 0 2 1 2 1 3 2 3 2 4 3 4 3 0 
$W0L5;87 15 60 76 31 98 83 27 52 63 ;0 1 0 2 1 2 1 3 2 3 2 4 3 4 3 0 
$W0L6;34 97 65 19 98 1 0 87 57 19 ;0 1 0 2 1 2 1 3 2 3 2 4 3 4 3 0 
$W0L7;31 76 34 24 42 39 81 10 41 8 ;0 1 0 2 1 2 1 3 2 3 2 4 3 4 3 0 
$W0L8;41 92 74 55 42 94 19 86 64 79 ;0 1 0 2 1 2 1 3 2 3 2 4 3 4 3 0 
$W0L9;5 32 79 75 54 67 40 58 83 0 ;0 1 0 2 1 2 1 3 2 3 2 4 3 4 3 0 
$W0L10;81 65 74 36 72 83 9 54 17 13 ;0 1 0 2 1 2 1 3 2 3 2 4 3 4 3 0 
$W0L11;99 24 20 94 82 3 32 87 81 84 ;0 1 0 2 1 2 1 3 2 3 2 4 3 4 3 0 
$W0L12;16 91 29 95 12 50 95 7 82 55 ;0 1 0 2 1 2 1 3 2 3 2 4 3 4 3 0 
$W0L13;84 35 52 91 96 19 18 75 10 66 ;0 1 0 2 1 2 1 3 2 3 2 4 3 4 3 0 
$W0L14;56 50 93 46 29 23 28 56 14 20 ;0 1 0 2 1 2 1 3 2 3 2 4 3 4 3 0 
$W0L15;89 30 4 14 33 64 56 54 26 87 ;0 1 0 2 1 2 1 3 2 3 2 4 3 4 3 0 
$W0L16;60 40 66 31 66 94 35 29 70 53 ;0 1 0 2 1 2 1 3 2 3 2 4 3 4 3 0 
$W0L17;56 64 48 50 96 10 17 87 13 70 ;0 1 0 2 1 2 1 3 2 3 2 4 3 4 3 0 
$W0L18;23 73 78 29 80 61 86 85 60 64 ;0 1 0 2 1 2 1 3 2 3 2 4 3 4 3 0 
$W0L19;83 0 15 59 37 49 98 63 16 76 ;0 1 0 2 1 2 1 3 2 3 2 4 3 4 3 0 
$W0L20;31 19 6 49 82 80 32 61 63 43 ;0 1 0 2 1 2 1 3 2 3 2 4 3 4 3 0 
$W0L21;71 5 78 1 20 24 10 74 47 33 ;0 1 0 2 1 2 1 3 2 3 2 4 3 4 3 0 
$W0L22;30 20 5 91 84 5 75 21 18 88 ;0 1 0 2 1 2 1 3 2 3 2 4 3 4 3 0 
$W0L23;86 73 71 48 27 90 88 44 0 13 ;0 1 0 2 1 2 1 3 2 3 2 4 3 4 3 0 
$W0L24;42 70 52 95 92 68 59 49 48 18 ;0 1 0 2 1 2 1 3 2 3 2 4 3 4 3 0 

#World 1
$W1L0;76 73 94 23 24 93 15 39 6 48 ;0 1 0 2 1 2 1 3 2 3 2 4 3 4 3 0 
$W1L1;56 84 59 55 68 99 69 55 51 24 ;0 1 0 2 1 2 1 3 2 3 2 4 3 4 3 0 
$W1L2;39 16 72 98 36 24 37 51 91 57 ;0 1 0 2 1 2 1 3 2 3 2 4 3 4 3 0 
$W1L3;76 82 6 75 8 71 41 93 44 65 ;0 1 0 2 1 2 1 3 2 3 2 4 3 4 3 0 
$W1L4;41 57 85 75 21 15 30 21 95 89 ;0 1 0 2 1 2 1 3 2 3 2 4 3 4 3 0 
$W1L5;55 88 82 85 20 81 45 9 66 17 ;0 1 0 2 1 2 1 3 2 3 2 4 3 4 3 0 
$W1L6;22 4 51 39 91 21 23 96 65 90 ;0 1 0 2 1 2 1 3 2 3 2 4 3 4 3 0 
$W1L7;63 4 3 51 52 95 8 14 55 86 ;0 1 0 2 1 2 1 3 2 3 2 4 3 4 3 0 
$W1L8;92 64 86 51 36 1 22 85 36 84 ;0 1 0 2 1 2 1 3 2 3 2 4 3 4 3 0 
$W1L9;29 79 25 24 26 87 48 24 53 84 ;0 1 0 2 1 2 1 3 2 3 2 4 3 4 3 0 
$W1L10;75 4 60 21 67 65 30 78 68 31 ;0 1 0 2 1 2 1 3 2 3 2 4 3 4 3 0 
$W1L11;48 18 19 49 72 59 73 49 30 18 ;0 1 0 2 1 2 1 3 2 3 2 4 3 4 3 0 
$W1L12;12 45 47 58 49 87 99 44 9 72 ;0 1 0 2 1 2 1 3 2 3 2 4 3 4 3 0 
$W1L13;50 68 77 84 24 30 27 50 39 44 ;0 1 0 2 1 2 1 3 2 3 2 4 3 4 3 0 
$W1L14;41 70 60 11 47 82 98 81 54 69 ;0 1 0 2 1 2 1 3 2 3 2 4 3 4 3 0 
$W1L15;95 83 97 95 91 21 88 75 50 86 ;0 1 0 2 1 2 1 3 2 3 2 4 3 4 3 0 
$W1L16;14 73 38 16 34 78 13 7 0 95 ;0 1 0 2 1 2 1 3 2 3 2 4 3 4 3 0 
$W1L17;97 75 87 29 23 14 41 23 86 65 ;0 1 0 2 1 2 1 3 2 3 2 4 3 4 3 0 
$W1L18;20 12 58 72 6 99 25 58 44 37 ;0 1 0 2 1 2 1 3 2 3 2 4 3 4 3 0 
$W1L19;24 59 12 41 96 40 50 31 91 56 ;0 1 0 2 1 2 1 3 2 3 2 4 3 4 3 0 
$W1L20;46 87 52 96 90 88 16 58 64 37 ;0 1 0 2 1 2 1 3 2 3 2 4 3 4 3 0 
$W1L21;52 63 58 43 10 80 46 32 93 51 ;0 1 0 2 1 2 1 3 2 3 2 4 3 4 3 0 
$W1L22;90 83 37 97 10 63 91 94 12 47 ;0 1 0 2 1 2 1 3 2 3 2 4 3 4 3 0 
$W1L23;61 99 9 35 23 35 40 53 37 68 ;0 1 0 2 1 2 1 3 2 3 2 4 3 4 3 0 
$W1L24;52 13 58 7 45 78 84 82 83 44 ;0 1 0 2 1 2 1 3 2 3 2 4 3 4 3 0 

#World 2
$W2L0;55 86 57 44 87 6 28 50 75 42 ;0 1 0 2 1 2 1 3 2 3 2 4 3 4 3 0 
$W2L1;38 74 14 82 89 93 81 39 54 17 ;0 1 0 2 1 2 1 3 2 3 2 4 3 4 3 0 
$W2L2;55 23 35 13 80 9 68 75 78 51 ;0 1 0 2 1 2 1 3 2 3 2 4 3 4 3 0 
$W2L3;90 79 73 52 26 85 86 1 65 95 ;0 1 0 2 1 2 1 3 2 3 2 4 3 4 3 0 
$W2L4;74 68 39 45 41 7 84 3 88 39 ;0 1 0 2 1 2 1 3 2 3 2 4 3 4 3 0 
$W2L5;87 34 93 73 65 30 65 13 92 18 ;0 1 0 2 1 2 1 3 2 3 2 4 3 4 3 0 
$W2L6;66 38 76 30 10 95 0 19 69 84 ;0 1 0 2 1 2 1 3 2 3 2 4 3 4 3 0 
$W2L7;53 54 69 47 95 27 68 90 76 69 ;0 1 0 2 1 2 1 3 2 3 2 4 3 4 3 0 
$W2L8;71 48 43 56 51 40 71 31 28 62 ;0 1 0 2 1 2 1 3 2 3 2 4 3 4 3 0 
$W2L9;37 57 45 80 95 48 65 93 12 34 ;0 1 0 2 1 2 1 3 2 3 2 4 3 4 3 0 
$W2L10;95 68 20 25 22 30 42 69 17 74 ;0 1 0 2 1 2 1 3 2 3 2 4 3 4 3 0 
$W2L11;88 23 90 95 16 53 89 50 10 74 ;0 1 0 2 1 2 1 3 2 3 2 4 3 4 3 0 
$W2L12;21 22 63 2 10 40 84 22 48 74 ;0 1 0 2 1 2 1 3 2 3 2 4 3 4 3 0 
$W2L13;93 73 87 70 73 14 4 17 41 50 ;0 1 0 2 1 2 1 3 2 3 2 4 3 4 3 0 
$W2L14;70 25 49 74 92 52 95 11 48 36 ;0 1 0 2 1 2 1 3 2 3 2 4 3 4 3 0 
$W2L15;74 62 90 42 88 48 11 71 17 3 ;0 1 0 2 1 2 1 3 2 3 2 4 3 4 3 0 
$W2L16;80 51 84 24 9 70 22 75 79 28 ;0 1 0 2 1 2 1 3 2 3 2 4 3 4 3 0 
$W2L17;32 86 29 78 33 60 88 22 21 75 ;0 1 0 2 1 2 1 3 2 3 2 4 3 4 3 0 
$W2L18;21 99 82 30 52 92 98 0 84 58 ;0 1 0 2 1 2 1 3 2 3 2 4 3 4 3 0 
$W2L19;80 69 41 22 15 99 80 90 58 62 ;0 1 0 2 1 2 1 3 2 3 2 4 3 4 3 0 
$W2L20;55 31 73 93 52 91 6 66 27 92 ;0 1 0 2 1 2 1 3 2 3 2 4 3 4 3 0 
$W2L21;36 24 8 36 3 50 64 76 52 1 ;0 1 0 2 1 2 1 3 2 3 2 4 3 4 3 0 
$W2L22;66 68 28 92 75 87 61 96 34 54 ;0 1 0 2 1 2 1 3 2 3 2 4 3 4 3 0 
$W2L23;27 77 38 58 47 91 36 60 66 70 ;0 1 0 2 1 2 1 3 2 3 2 4 3 4 3 0 
$W2L24;7 73 25 61 71 86 64 21 42 46 ;0 1 0 2 1 2 1 3 2 3 2 4 3 4 3 0 

#World 3
$W3L0;20 82 55 93 7 68 30 38 17 22 ;0 1 0 2 1 2 1 3 2 3 2 4 3 4 3 0 
$W3L1;97 97 5 91 9 93 66 5 7 94 ;0 1 0 2 1 2 1 3 2 3 2 4 3 4 3 0 
$W3L2;26 39 97 42 52 36 99 61 92 89 ;0 1 0 2 1 2 1 3 2 3 2 4 3 4 3 0 
$W3L3;4 13 89 63 67 28 3 81 40 49 ;0 1 0 2 1 2 1 3 2 3 2 4 3 4 3 0 
$W3L4;42 19 54 22 89 25 97 67 49 50 ;0 1 0 2 1 2 1 3 2 3 2 4 3 4 3 0 
$W3L5;30 75 13 23 84 95 16 91 33 81 ;0 1 0 2 1 2 1 3 2 3 2 4 3 4 3 0 
$W3L6;41 86 34 41 3 51 20 52 0 4 ;0 1 0 2 1 2 1 3 2 3 2 4 3 4 3 0 
$W3L7;4 90 99 95 11 65 14 15 88 11 ;0 1 0 2 1 2 1 3 2 3 2 4 3 4 3 0 
$W3L8;98 50 43 47 21 86 90 87 1 72 ;0 1 0 2 1 2 1 3 2 3 2 4 3 4 3 0 
$W3L9;32 52 36 36 1 86 28 30 82 52 ;0 1 0 2 1 2 1 3 2 3 2 4 3 4 3 0 
$W3L10;55 87 5 75 0 13 33 28 40 39 ;0 1 0 2 1 2 1 3 2 3 2 4 3 4 3 0 
$W3L11;85 68 95 49 62 12 71 13 81 43 ;0 1 0 2 1 2 1 3 2 3 2 4 3 4 3 0 
$W3L12;46 29 6 41 13 12 57 40 90 17 ;0 1 0 2 1 2 1 3 2 3 2 4 3 4 3 0 
$W3L13;60 47 64 60 18 29 67 39 60 3 ;0 1 0 2 1 2 1 3 2 3 2 4 3 4 3 0 
$W3L14;32 29 65 37 94 47 17 69 29 20 ;0 1 0 2 1 2 1 3 2 3 2 4 3 4 3 0 
$W3L15;89 46 98 21 15 47 65 71 11 22 ;0 1 0 2 1 2 1 3 2 3 2 4 3 4 3 0 
$W3L16;30 26 93 13 58 98 81 56 92 50 ;0 1 0 2 1 2 1 3 2 3 2 4 3 4 3 0 
$W3L17;86 86 99 70 12 42 11 59 92 46 ;0 1 0 2 1 2 1 3 2 3 2 4 3 4 3 0 
$W3L18;36 46 9 58 75 96 20 28 16 51 ;0 1 0 2 1 2 1 3 2 3 2 4 3 4 3 0 
$W3L19;32 66 98 32 50 76 81 69 27 30 ;0 1 0 2 1 2 1 3 2 3 2 4 3 4 3 0 
$W3L20;30 65 8 36 65 52 69 7 49 8 ;0 1 0 2 1 2 1 3 2 3 2 4 3 4 3 0 
$W3L21;3 91 25 98 29 22 40 47 66 30 ;0 1 0 2 1 2 1 3 2 3 2 4 3 4 3 0 
$W3L22;3 61 10 8 11 38 26 13 81 45 ;0 1 0 2 1 2 1 3 2 3 2 4 3 4 3 0 
$W3L23;73 36 10 65 25 40 7 27 84 89 ;0 1 0 2 1 2 1 3 2 3 2 4 3 4 3 0 
$W3L24;30 18 62 5 34 73 53 88 94 92 ;0 1 0 2 1 2 1 3 2 3 2 4 3 4 3 0 

#World 4
$W4L0;86 68 84 94 6 32 54 3 63 41 ;0 1 0 2 1 2 1 3 2 3 2 4 3 4 3 0 
$W4L1;56 67 15 67 39 27 8 12 90 90 ;0 1 0 2 1 2 1 3 2 3 2 4 3 4 3 0 
$W4L2;29 45 39 27 24 12 32 39 29 74 ;0 1 0 2 1 2 1 3 2 3 2 4 3 4 3 0 
$W4L3;80 83 33 71 57 28 13 64 82 12 ;0 1 0 2 1 2 1 3 2 3 2 4 3 4 3 0 
$W4L4;31 2 80 31 57 21 79 45 93 93 ;0 1 0 2 1 2 1 3 2 3 2 4 3 4 3 0 
$W4L5;13 8 20 19 99 86 73 52 91 88 ;0 1 0 2 1 2 1 3 2 3 2 4 3 4 3 0 
$W4L6;38 5 32 64 34 33 48 31 47 8 ;0 1 0 2 1 2 1 3 2 3 2 4 3 4 3 0 
$W4L7;82 24 28 10 74 72 54 37 82 19 ;0 1 0 2 1 2 1 3 2 3 2 4 3 4 3 0 
$W4L8;62 52 20 60 84 15 93 88 88 4 ;0 1 0 2 1 2 1 3 2 3 2 4 3 4 3 0 
$W4L9;94 73 42 73 10 82 99 24 63 24 ;0 1 0 2 1 2 1 3 2 3 2 4 3 4 3 0 
$W4L10;83 25 4 31 93 30 16 22 27 88 ;0 1 0 2 1 2 1 3 2 3 2 4 3 4 3 0 
$W4L11;1 68 66 85 57 79 24 57 18 37 ;0 1 0 2 1 2 1 3 2 3 2 4 3 4 3 0 
$W4L12;56 35 14 39 37 80 48 75 92 9 ;0 1 0 2 1 2 1 3 2 3 2 4 3 4 3 0 
$W4L13;2 29 25 36 46 3 43 61 33 83 ;0 1 0 2 1 2 1 3 2 3 2 4 3 4 3 0 
$W4L14;15 1 61 79 43 25 18 83 88 58 ;0 1 0 2 1 2 1 3 2 3 2 4 3 4 3 0 
$W4L15;94 33 67 19 67 10 53 53 61 47 ;0 1 0 2 1 2 1 3 2 3 2 4 3 4 3 0 
$W4L16;19 73 0 20 50 47 69 1 51 28 ;0 1 0 2 1 2 1 3 2 3 2 4 3 4 3 0 
$W4L17;10 25 23 39 49 90 6 32 36 40 ;0 1 0 2 1 2 1 3 2 3 2 4 3 4 3 0 
$W4L18;93 38 67 49 92 54 74 59 14 62 ;0 1 0 2 1 2 1 3 2 3 2 4 3 4 3 0 
$W4L19;66 43 5 59 36 39 57 99 66 48 ;0 1 0 2 1 2 1 3 2 3 2 4 3 4 3 0 
$W4L20;15 13 38 69 1 38 92 90 24 80 ;0 1 0 2 1 2 1 3 2 3 2 4 3 4 3 0 
$W4L21;8 44 29 21 33 47 44 50 40 68 ;0 1 0 2 1 2 1 3 2 3 2 4 3 4 3 0 
$W4L22;25 90 32 74 91 15 54 1 80 98 ;0 1 0 2 1 2 1 3 2 3 2 4 3 4 3 0 
$W4L23;47 13 29 56 23 74 49 90 4 97 ;0 1 0 2 1 2 1 3 2 3 2 4 3 4 3 0 
$W4L24;24 11 37 75 20 65 94 9 72 89 ;0 1 0 2 1 2 1 3 2 3 2 4 3 4 3 0 

#World 5
$W5L0;33 59 41 77 41 8 74 48 93 85 ;0 1 0 2 1 2 1 3 2 3 2 4 3 4 3 0 
$W5L1;97 26 26 34 91 40 74 63 3 34 ;0 1 0 2 1 2 1 3 2 3 2 4 3 4 3 0 
$W5L2;20 0 28 62 28 87 89 81 12 96 ;0 1 0 2 1 2 1 3 2 3 2 4 3 4 3 0 
$W5L3;22 42 64 96 6 19 48 0 52 56 ;0 1 0 2 1 2 1 3 2 3 2 4 3 4 3 0 
$W5L4;54 82 28 28 72 74 50 99 45 62 ;0 1 0 2 1 2 1 3 2 3 2 4 3 4 3 0 
$W5L5;96 88 92 66 48 42 68 30 56 53 ;0 1 0 2 1 2 1 3 2 3 2 4 3 4 3 0 
$W5L6;19 68 4 9 74 98 12 32 81 87 ;0 1 0 2 1 2 1 3 2 3 2 4 3 4 3 0 
$W5L7;98 59 31 54 51 81 34 93 77 78 ;0 1 0 2 1 2 1 3 2 3 2 4 3 4 3 0 
$W5L8;32 64 1 15 39 87 92 44 73 67 ;0 1 0 2 1 2 1 3 2 3 2 4 3 4 3 0 
$W5L9;60 47 83 92 3 4 64 29 46 24 ;0 1 0 2 1 2 1 3 2 3 2 4 3 4 3 0 
$W5L10;19 78 48 63 18 32 50 10 91 15 ;0 1 0 2 1 2 1 3 2 3 2 4 3 4 3 0 
$W5L11;35 28 31 70 81 40 58 23 49 21 ;0 1 0 2 1 2 1 3 2 3 2 4 3 4 3 0 
$W5L12;35 11 38 12 84 9 51 83 5 85 ;0 1 0 2 1 2 1 3 2 3 2 4 3 4 3 0 
$W5L13;58 55 9 67 8 95 22 7 67 80 ;0 1 0 2 1 2 1 3 2 3 2 4 3 4 3 0 
$W5L14;81 43 79 86 73 60 37 19 61 12 ;0 1 0 2 1 2 1 3 2 3 2 4 3 4 3 0 
$W5L15;53 3 10 74 43 6 1 45 43 13 ;0 1 0 2 1 2 1 3 2 3 2 4 3 4 3 0 
$W5L16;58 51 15 39 7 91 70 99 19 74 ;0 1 0 2 1 2 1 3 2 3 2 4 3 4 3 0 
$W5L17;74 95 94 9 16 99 58 51 3 71 ;0 1 0 2 1 2 1 3 2 3 2 4 3 4 3 0 
$W5L18;24 73 78 21 29 62 94 84 4 47 ;0 1 0 2 1 2 1 3 2 3 2 4 3 4 3 0 
$W5L19;37 60 70 46 1 97 43 52 92 11 ;0 1 0 2 1 2 1 3 2 3 2 4 3 4 3 0 
$W5L20;25 2 22 25 3 39 33 59 7 29 ;0 1 0 2 1 2 1 3 2 3 2 4 3 4 3 0 
$W5L21;18 46 28 83 34 64 1 74 5 70 ;0 1 0 2 1 2 1 3 2 3 2 4 3 4 3 0 
$W5L22;59 61 96 90 95 61 6 80 99 44 ;0 1 0 2 1 2 1 3 2 3 2 4 3 4 3 0 
$W5L23;77 65 8 36 91 70 38 26 66 62 62 59 ;0 1 0 2 1 2 1 3 2 3 2 4 3 4 3 5 4 5 4 0 
$W5L24;12 76 66 7 44 75 26 20 64 93 ;0 1 0 2 1 2 1 3 2 3 2 4 3 4 3 0 

#World 6
$W6L0;12 48 27 93 33 1 2 53 58 99 ;0 1 0 2 1 2 1 3 2 3 2 4 3 4 3 0 
$W6L1;70 97 18 18 82 82 69 31 38 67 ;0 1 0 2 1 2 1 3 2 3 2 4 3 4 3 0 
$W6L2;19 72 24 42 38 44 75 50 46 80 ;0 1 0 2 1 2 1 3 2 3 2 4 3 4 3 0 
$W6L3;65 13 27 97 58 22 30 51 9 7 ;0 1 0 2 1 2 1 3 2 3 2 4 3 4 3 0 
$W6L4;71 41 18 71 5 70 15 84 38 77 ;0 1 0 2 1 2 1 3 2 3 2 4 3 4 3 0 
$W6L5;51 49 46 8 42 73 83 58 90 5 ;0 1 0 2 1 2 1 3 2 3 2 4 3 4 3 0 
$W6L6;14 71 38 65 2 40 82 99 51 49 ;0 1 0 2 1 2 1 3 2 3 2 4 3 4 3 0 
$W6L7;37 12 77 10 73 28 87 34 93 57 ;0 1 0 2 1 2 1 3 2 3 2 4 3 4 3 0 
$W6L8;73 44 87 99 5 44 40 81 82 39 68 37 ;0 1 0 2 1 2 1 3 2 3 2 4 3 4 3 5 4 5 4 0 
$W6L9;73 2 34 87 28 26 18 92 20 11 ;0 1 0 2 1 2 1 3 2 3 2 4 3 4 3 0 
$W6L10;93 47 11 36 90 72 60 79 20 33 ;0 1 0 2 1 2 1 3 2 3 2 4 3 4 3 0 
$W6L11;93 88 63 69 94 58 20 64 68 27 ;0 1 0 2 1 2 1 3 2 3 2 4 3 4 3 0 
$W6L12;80 93 42 22 93 44 56 16 62 75 ;0 1 0 2 1 2 1 3 2 3 2 4 3 4 3 0 
$W6L13;84 80 90 52 47 53 37 84 97 51 1 98 ;0 1 0 2 1 2 1 3 2 3 2 4 3 4 3 5 4 5 4 0 
$W6L14;15 45 24 58 47 91 60 34 37 20 ;0 1 0 2 1 2 1 3 2 3 2 4 3 4 3 0 
$W6L15;14 76 93 38 51 45 61 6 40 0 ;0 1 0 2 1 2 1 3 2 3 2 4 3 4 3 0 
$W6L16;91 53 94 51 14 38 93 41 74 6 4 81 ;0 1 0 2 1 2 1 3 2 3 2 4 3 4 3 5 4 5 4 0 
$W6L17;35 43 35 6 64 40 69 86 25 75 29 97 32 59 ;0 1 0 2 1 2 1 3 2 3 2 4 3 4 3 5 4 5 4 6 5 6 5 0 
$W6L18;44 51 97 89 84 64 78 88 44 62 ;0 1 0 2 1 2 1 3 2 3 2 4 3 4 3 0 
$W6L19;75 63 4 59 19 47 36 0 3 92 ;0 1 0 2 1 2 1 3 2 3 2 4 3 4 3 0 
$W6L20;15 79 78 67 85 10 52 57 97 84 59 4 ;0 1 0 2 1 2 1 3 2 3 2 4 3 4 3 5 4 5 4 0 
$W6L21;96 23 97 77 8 63 12 6 98 26 36 80 77 13 ;0 1 0 2 1 2 1 3 2 3 2 4 3 4 3 5 4 5 4 6 5 6 5 0 
$W6L22;81 99 33 65 17 64 74 81 82 45 ;0 1 0 2 1 2 1 3 2 3 2 4 3 4 3 0 
$W6L23;10 74 60 37 16 17 43 76 55 43 ;0 1 0 2 1 2 1 3 2 3 2 4 3 4 3 0 
$W6L24;28 0 56 23 2 29 73 9 14 71 ;0 1 0 2 1 2 1 3 2 3 2 4 3 4 3 0 

#World 7
$W7L0;57 83 5 26 29 16 0 80 66 67 ;0 1 0 2 1 2 1 3 2 3 2 4 3 4 3 0 
$W7L1;72 72 48 62 28 19 30 18 94 22 ;0 1 0 2 1 2 1 3 2 3 2 4 3 4 3 0 
$W7L2;94 90 89 19 60 39 58 53 45 71 97 58 ;0 1 0 2 1 2 1 3 2 3 2 4 3 4 3 5 4 5 4 0 
$W7L3;93 9 4 61 71 74 37 69 4 72 ;0 1 0 2 1 2 1 3 2 3 2 4 3 4 3 0 
$W7L4;53 83 34 18 7 30 21 32 93 68 29 23 94 38 ;0 1 0 2 1 2 1 3 2 3 2 4 3 4 3 5 4 5 4 6 5 6 5 0 
$W7L5;29 52 79 21 37 79 96 70 29 80 24 71 7 87 ;0 1 0 2 1 2 1 3 2 3 2 4 3 4 3 5 4 5 4 6 5 6 5 0 
$W7L6;22 30 16 67 23 76 65 99 54 76 12 99 ;0 1 0 2 1 2 1 3 2 3 2 4 3 4 3 5 4 5 4 0 
$W7L7;54 50 43 56 90 90 48 80 88 27 ;0 1 0 2 1 2 1 3 2 3 2 4 3 4 3 0 
$W7L8;33 8 50 81 92 63 36 6 38 99 ;0 1 0 2 1 2 1 3 2 3 2 4 3 4 3 0 
$W7L9;21 56 73 85 8 13 11 12 96 51 41 46 56 95 ;0 1 0 2 1 2 1 3 2 3 2 4 3 4 3 5 4 5 4 6 5 6 5 0 
$W7L10;39 19 23 86 53 99 73 72 13 8 ;0 1 0 2 1 2 1 3 2 3 2 4 3 4 3 0 
$W7L11;42 76 60 80 9 49 70 64 59 31 ;0 1 0 2 1 2 1 3 2 3 2 4 3 4 3 0 
$W7L12;47 71 89 79 94 73 36 67 26 52 ;0 1 0 2 1 2 1 3 2 3 2 4 3 4 3 0 
$W7L13;34 44 88 8 27 62 44 54 96 77 ;0 1 0 2 1 2 1 3 2 3 2 4 3 4 3 0 
$W7L14;94 30 38 63 3 21 50 45 39 13 ;0 1 0 2 1 2 1 3 2 3 2 4 3 4 3 0 
$W7L15;47 20 82 70 51 26 35 34 37 98 ;0 1 0 2 1 2 1 3 2 3 2 4 3 4 3 0 
$W7L16;19 38 98 85 72 57 28 19 26 8 ;0 1 0 2 1 2 1 3 2 3 2 4 3 4 3 0 
$W7L17;3 32 10 32 65 60 33 83 78 54 15 55 ;0 1 0 2 1 2 1 3 2 3 2 4 3 4 3 5 4 5 4 0 
$W7L18;61 7 98 79 63 44 24 67 37 84 38 87 63 38 ;0 1 0 2 1 2 1 3 2 3 2 4 3 4 3 5 4 5 4 6 5 6 5 0 
$W7L19;20 93 28 33 79 94 40 41 71 74 ;0 1 0 2 1 2 1 3 2 3 2 4 3 4 3 0 
$W7L20;59 83 18 26 95 7 44 70 6 28 3 26 ;0 1 0 2 1 2 1 3 2 3 2 4 3 4 3 5 4 5 4 0 
$W7L21;73 38 40 35 77 62 47 63 24 71 34 55 ;0 1 0 2 1 2 1 3 2 3 2 4 3 4 3 5 4 5 4 0 
$W7L22;99 68 45 71 12 43 38 4 85 3 ;0 1 0 2 1 2 1 3 2 3 2 4 3 4 3 0 
$W7L23;83 70 36 63 31 4 3 21 8 10 ;0 1 0 2 1 2 1 3 2 3 2 4 3 4 3 0 
$W7L24;44 2 40 65 14 49 44 42 15 10 ;0 1 0 2 1 2 1 3 2 3 2 4 3 4 3 0 

#World 8
$W8L0;57 89 69 41 79 8 81 29 46 77 ;0 1 0 2 1 2 1 3 2 3 2 4 3 4 3 0 
$W8L1;51 1 49 78 31 56 38 65 73 91 ;0 1 0 2 1 2 1 3 2 3 2 4 3 4 3 0 
$W8L2;91 64 37 47 39 23 97 26 99 48 44 70 4 72 ;0 1 0 2 1 2 1 3 2 3 2 4 3 4 3 5 4 5 4 6 5 6 5 0 
$W8L3;62 95 50 7 89 36 15 69 48 39 12 26 ;0 1 0 2 1 2 1 3 2 3 2 4 3 4 3 5 4 5 4 0 
$W8L4;18 12 57 98 89 54 8 69 5 3 ;0 1 0 2 1 2 1 3 2 3 2 4 3 4 3 0 
$W8L5;72 1 89 91 42 2 51 65 62 34 16 44 22 23 88 17 ;0 1 0 2 1 2 1 3 2 3 2 4 3 4 3 5 4 5 4 6 5 6 5 7 6 7 6 0 
$W8L6;27 59 17 90 20 17 48 64 96 53 ;0 1 0 2 1 2 1 3 2 3 2 4 3 4 3 0 
$W8L7;90 94 91 88 47 38 85 74 39 31 ;0 1 0 2 1 2 1 3 2 3 2 4 3 4 3 0 
$W8L8;99 97 33 18 44 26 62 12 77 99 ;0 1 0 2 1 2 1 3 2 3 2 4 3 4 3 0 
$W8L9;64 48 85 72 72 56 60 7 8 11 18 68 2 97 4 58 ;0 1 0 2 1 2 1 3 2 3 2 4 3 4 3 5 4 5 4 6 5 6 5 7 6 7 6 0 
$W8L10;98 6 13 31 49 91 34 82 49 44 ;0 1 0 2 1 2 1 3 2 3 2 4 3 4 3 0 
$W8L11;80 60 45 62 48 24 35 76 86 43 ;0 1 0 2 1 2 1 3 2 3 2 4 3 4 3 0 
$W8L12;28 71 85 58 58 39 47 52 92 36 35 62 30 53 3 3 ;0 1 0 2 1 2 1 3 2 3 2 4 3 4 3 5 4 5 4 6 5 6 5 7 6 7 6 0 
$W8L13;32 42 41 20 23 39 34 63 55 83 ;0 1 0 2 1 2 1 3 2 3 2 4 3 4 3 0 
$W8L14;87 97 21 93 45 85 98 97 55 62 58 90 82 51 14 10 ;0 1 0 2 1 2 1 3 2 3 2 4 3 4 3 5 4 5 4 6 5 6 5 7 6 7 6 0 
$W8L15;9 53 6 12 0 44 98 81 34 93 95 51 ;0 1 0 2 1 2 1 3 2 3 2 4 3 4 3 5 4 5 4 0 
$W8L16;32 55 9 68 43 95 75 33 85 75 82 62 70 96 48 74 ;0 1 0 2 1 2 1 3 2 3 2 4 3 4 3 5 4 5 4 6 5 6 5 7 6 7 6 0 
$W8L17;16 3 19 6 80 32 1 97 82 0 ;0 1 0 2 1 2 1 3 2 3 2 4 3 4 3 0 
$W8L18;63 24 44 39 35 49 72 90 82 43 ;0 1 0 2 1 2 1 3 2 3 2 4 3 4 3 0 
$W8L19;80 25 43 57 11 40 91 69 79 27 ;0 1 0 2 1 2 1 3 2 3 2 4 3 4 3 0 
$W8L20;39 66 44 29 26 55 92 29 53 43 ;0 1 0 2 1 2 1 3 2 3 2 4 3 4 3 0 
$W8L21;27 93 39 62 20 32 91 5 40 66 ;0 1 0 2 1 2 1 3 2 3 2 4 3 4 3 0 
$W8L22;60 70 80 80 9 33 29 46 80 28 ;0 1 0 2 1 2 1 3 2 3 2 4 3 4 3 0 
$W8L23;30 42 16 46 40 51 36 39 10 53 ;0 1 0 2 1 2 1 3 2 3 2 4 3 4 3 0 
$W8L24;27 20 31 47 21 65 31 6 1 55 45 35 52 37 ;0 1 0 2 1 2 1 3 2 3 2 4 3 4 3 5 4 5 4 6 5 6 5 0 

#World 9
$W9L0;51 8 68 5 90 1 8 31 68 24 19 84 ;0 1 0 2 1 2 1 3 2 3 2 4 3 4 3 5 4 5 4 0 
$W9L1;43 2 18 4 90 71 69 16 26 6 ;0 1 0 2 1 2 1 3 2 3 2 4 3 4 3 0 
$W9L2;70 37 55 57 87 54 68 68 59 39 ;0 1 0 2 1 2 1 3 2 3 2 4 3 4 3 0 
$W9L3;18 97 41 65 39 97 28 64 97 63 ;0 1 0 2 1 2 1 3 2 3 2 4 3 4 3 0 
$W9L4;10 53 69 40 33 0 38 33 53 79 38 94 62 65 52 89 ;0 1 0 2 1 2 1 3 2 3 2 4 3 4 3 5 4 5 4 6 5 6 5 7 6 7 6 0 
$W9L5;71 14 55 39 2 67 67 12 87 95 84 9 68 30 ;0 1 0 2 1 2 1 3 2 3 2 4 3 4 3 5 4 5 4 6 5 6 5 0 
$W9L6;61 90 56 99 25 65 66 10 40 15 89 13 ;0 1 0 2 1 2 1 3 2 3 2 4 3 4 3 5 4 5 4 0 
$W9L7;41 63 73 83 37 23 24 51 25 44 ;0 1 0 2 1 2 1 3 2 3 2 4 3 4 3 0 
$W9L8;15 37 79 61 96 95 89 28 79 32 ;0 1 0 2 1 2 1 3 2 3 2 4 3 4 3 0 
$W9L9;51 5 24 32 6 65 24 62 71 92 24 8 6 23 69 95 14 26 ;0 1 0 2 1 2 1 3 2 3 2 4 3 4 3 5 4 5 4 6 5 6 5 7 6 7 6 8 7 8 7 0 
$W9L10;89 33 59 11 44 22 71 31 99 3 48 36 46 15 97 81 74 17 ;0 1 0 2 1 2 1 3 2 3 2 4 3 4 3 5 4 5 4 6 5 6 5 7 6 7 6 8 7 8 7 0 
$W9L11;47 68 44 53 69 27 0 88 90 93 94 60 7 85 47 65 ;0 1 0 2 1 2 1 3 2 3 2 4 3 4 3 5 4 5 4 6 5 6 5 7 6 7 6 0 
$W9L12;73 28 90 30 74 28 81 39 47 27 78 45 81 92 ;0 1 0 2 1 2 1 3 2 3 2 4 3 4 3 5 4 5 4 6 5 6 5 0 
$W9L13;50 20 7 83 63 28 28 44 88 65 ;0 1 0 2 1 2 1 3 2 3 2 4 3 4 3 0 
$W9L14;18 56 72 48 18 44 92 88 79 22 6 98 80 61 26 81 ;0 1 0 2 1 2 1 3 2 3 2 4 3 4 3 5 4 5 4 6 5 6 5 7 6 7 6 0 
$W9L15;43 69 68 35 18 77 80 77 72 73 84 58 22 81 26 30 ;0 1 0 2 1 2 1 3 2 3 2 4 3 4 3 5 4 5 4 6 5 6 5 7 6 7 6 0 
$W9L16;41 68 8 35 68 22 91 46 54 11 24 86 ;0 1 0 2 1 2 1 3 2 3 2 4 3 4 3 5 4 5 4 0 
$W9L17;0 17 43 37 69 37 76 42 20 59 29 85 12 8 58 23 ;0 1 0 2 1 2 1 3 2 3 2 4 3 4 3 5 4 5 4 6 5 6 5 7 6 7 6 0 
$W9L18;24 95 60 35 12 57 68 14 76 23 0 87 43 95 ;0 1 0 2 1 2 1 3 2 3 2 4 3 4 3 5 4 5 4 6 5 6 5 0 
$W9L19;7 78 34 83 34 73 23 89 16 86 ;0 1 0 2 1 2 1 3 2 3 2 4 3 4 3 0 
$W9L20;18 69 95 21 16 36 4 32 2 82 39 34 ;0 1 0 2 1 2 1 3 2 3 2 4 3 4 3 5 4 5 4 0 
$W9L21;81 22 7 89 72 74 91 33 37 35 ;0 1 0 2 1 2 1 3 2 3 2 4 3 4 3 0 
$W9L22;0 95 50 34 39 27 71 30 11 93 ;0 1 0 2 1 2 1 3 2 3 2 4 3 4 3 0 
$W9L23;30 54 61 31 61 73 77 45 81 23 93 85 ;0 1 0 2 1 2 1 3 2 3 2 4 3 4 3 5 4 5 4 0 
$W9L24;11 69 48 17 62 74 37 69 5 38 39 28 ;0 1 0 2 1 2 1 3 2 3 2 4 3 4 3 5 4 5 4 0 

#World 10
$W10L0;35 93 41 65 46 70 49 40 30 97 94 52 42 49 78 25 ;0 1 0 2 1 2 1 3 2 3 2 4 3 4 3 5 4 5 4 6 5 6 5 7 6 7 6 0 
$W10L1;65 64 76 52 21 75 61 93 49 57 74 47 30 74 ;0 1 0 2 1 2 1 3 2 3 2 4 3 4 3 5 4 5 4 6 5 6 5 0 
$W10L2;65 24 6 84 58 32 5 52 25 75 26 6 63 51 ;0 1 0 2 1 2 1 3 2 3 2 4 3 4 3 5 4 5 4 6 5 6 5 0 
$W10L3;76 82 64 38 61 72 55 20 22 44 70 4 74 80 42 32 ;0 1 0 2 1 2 1 3 2 3 2 4 3 4 3 5 4 5 4 6 5 6 5 7 6 7 6 0 
$W10L4;3 86 50 32 21 4 18 69 7 27 ;0 1 0 2 1 2 1 3 2 3 2 4 3 4 3 0 
$W10L5;76 14 43 26 69 83 78 80 53 47 34 70 ;0 1 0 2 1 2 1 3 2 3 2 4 3 4 3 5 4 5 4 0 
$W10L6;57 41 12 76 10 67 14 69 98 51 95 40 ;0 1 0 2 1 2 1 3 2 3 2 4 3 4 3 5 4 5 4 0 
$W10L7;17 78 0 6 63 64 36 59 21 42 ;0 1 0 2 1 2 1 3 2 3 2 4 3 4 3 0 
$W10L8;54 58 83 45 10 62 20 28 14 87 98 45 ;0 1 0 2 1 2 1 3 2 3 2 4 3 4 3 5 4 5 4 0 
$W10L9;50 1 60 37 78 9 47 96 80 75 84 19 77 36 ;0 1 0 2 1 2 1 3 2 3 2 4 3 4 3 5 4 5 4 6 5 6 5 0 
$W10L10;20 15 53 91 74 51 84 55 58 94 20 42 4 71 26 47 80 92 ;0 1 0 2 1 2 1 3 2 3 2 4 3 4 3 5 4 5 4 6 5 6 5 7 6 7 6 8 7 8 7 0 
$W10L11;11 66 1 84 49 45 74 69 19 23 34 31 51 69 50 3 5 4 ;0 1 0 2 1 2 1 3 2 3 2 4 3 4 3 5 4 5 4 6 5 6 5 7 6 7 6 8 7 8 7 0 
$W10L12;43 13 6 21 52 6 23 27 50 37 ;0 1 0 2 1 2 1 3 2 3 2 4 3 4 3 0 
$W10L13;81 71 97 24 16 0 83 7 51 71 ;0 1 0 2 1 2 1 3 2 3 2 4 3 4 3 0 
$W10L14;7 80 35 48 35 62 45 56 78 88 90 80 84 89 88 68 ;0 1 0 2 1 2 1 3 2 3 2 4 3 4 3 5 4 5 4 6 5 6 5 7 6 7 6 0 
$W10L15;37 1 34 25 66 17 3 39 55 72 ;0 1 0 2 1 2 1 3 2 3 2 4 3 4 3 0 
$W10L16;43 0 16 38 74 47 64 14 82 2 ;0 1 0 2 1 2 1 3 2 3 2 4 3 4 3 0 
$W10L17;49 51 4 9 66 44 98 65 5 27 72 73 64 55 6 35 ;0 1 0 2 1 2 1 3 2 3 2 4 3 4 3 5 4 5 4 6 5 6 5 7 6 7 6 0 
$W10L18;57 73 13 58 30 86 97 58 11 60 32 76 ;0 1 0 2 1 2 1 3 2 3 2 4 3 4 3 5 4 5 4 0 
$W10L19;27 49 30 33 87 5 21 60 34 19 61 69 22 69 9 53 48 73 54 73 ;0 1 0 2 1 2 1 3 2 3 2 4 3 4 3 5 4 5 4 6 5 6 5 7 6 7 6 8 7 8 7 9 8 9 8 0 
$W10L20;19 45 64 29 81 12 30 89 38 45 70 30 ;0 1 0 2 1 2 1 3 2 3 2 4 3 4 3 5 4 5 4 0 
$W10L21;12 80 29 35 76 42 86 94 76 80 ;0 1 0 2 1 2 1 3 2 3 2 4 3 4 3 0 
$W10L22;31 50 24 33 89 64 31 60 4 13 13 85 ;0 1 0 2 1 2 1 3 2 3 2 4 3 4 3 5 4 5 4 0 
$W10L23;39 76 69 5 51 41 23 2 49 19 ;0 1 0 2 1 2 1 3 2 3 2 4 3 4 3 0 
$W10L24;12 76 36 93 22 70 87 11 72 94 44 86 56 14 7 55 ;0 1 0 2 1 2 1 3 2 3 2 4 3 4 3 5 4 5 4 6 5 6 5 7 6 7 6 0 

#World 11
$W11L0;66 94 45 48 12 81 99 62 57 41 28 70 39 10 70 44 78 87 72 2 ;0 1 0 2 1 2 1 3 2 3 2 4 3 4 3 5 4 5 4 6 5 6 5 7 6 7 6 8 7 8 7 9 8 9 8 0 
$W11L1;0 82 34 86 51 61 46 2 58 33 4 73 47 1 97 56 ;0 1 0 2 1 2 1 3 2 3 2 4 3 4 3 5 4 5 4 6 5 6 5 7 6 7 6 0 
$W11L2;93 44 93 75 30 15 5 8 86 30 8 70 57 91 97 89 ;0 1 0 2 1 2 1 3 2 3 2 4 3 4 3 5 4 5 4 6 5 6 5 7 6 7 6 0 
$W11L3;40 76 85 3 11 92 68 80 7 7 3 70 63 72 ;0 1 0 2 1 2 1 3 2 3 2 4 3 4 3 5 4 5 4 6 5 6 5 0 
$W11L4;79 39 60 0 86 40 49 78 99 50 ;0 1 0 2 1 2 1 3 2 3 2 4 3 4 3 0 
$W11L5;56 74 26 53 54 90 78 79 34 43 47 3 10 38 42 74 ;0 1 0 2 1 2 1 3 2 3 2 4 3 4 3 5 4 5 4 6 5 6 5 7 6 7 6 0 
$W11L6;56 70 86 37 19 38 54 40 78 78 ;0 1 0 2 1 2 1 3 2 3 2 4 3 4 3 0 
$W11L7;89 53 70 96 52 16 97 53 74 36 ;0 1 0 2 1 2 1 3 2 3 2 4 3 4 3 0 
$W11L8;30 98 45 87 89 53 83 57 75 5 69 89 ;0 1 0 2 1 2 1 3 2 3 2 4 3 4 3 5 4 5 4 0 
$W11L9;32 24 65 25 25 53 43 65 71 54 15 34 83 2 11 65 56 89 50 12 ;0 1 0 2 1 2 1 3 2 3 2 4 3 4 3 5 4 5 4 6 5 6 5 7 6 7 6 8 7 8 7 9 8 9 8 0 
$W11L10;40 85 98 39 85 26 94 42 55 55 24 22 ;0 1 0 2 1 2 1 3 2 3 2 4 3 4 3 5 4 5 4 0 
$W11L11;44 42 36 37 90 83 1 22 85 58 ;0 1 0 2 1 2 1 3 2 3 2 4 3 4 3 0 
$W11L12;87 3 9 79 44 92 0 2 33 25 65 4 ;0 1 0 2 1 2 1 3 2 3 2 4 3 4 3 5 4 5 4 0 
$W11L13;37 59 14 55 3 27 34 51 63 10 33 75 61 82 92 61 13 79 ;0 1 0 2 1 2 1 3 2 3 2 4 3 4 3 5 4 5 4 6 5 6 5 7 6 7 6 8 7 8 7 0 
$W11L14;98 24 13 25 60 15 88 84 28 37 82 5 51 10 93 48 ;0 1 0 2 1 2 1 3 2 3 2 4 3 4 3 5 4 5 4 6 5 6 5 7 6 7 6 0 
$W11L15;10 22 31 67 42 51 80 52 57 39 91 36 33 32 ;0 1 0 2 1 2 1 3 2 3 2 4 3 4 3 5 4 5 4 6 5 6 5 0 
$W11L16;4 16 10 76 87 67 55 61 50 3 94 58 ;0 1 0 2 1 2 1 3 2 3 2 4 3 4 3 5 4 5 4 0 
$W11L17;58 30 24 34 16 11 10 80 66 58 33 26 78 1 ;0 1 0 2 1 2 1 3 2 3 2 4 3 4 3 5 4 5 4 6 5 6 5 0 
$W11L18;61 67 45 38 55 86 36 34 82 7 ;0 1 0 2 1 2 1 3 2 3 2 4 3 4 3 0 
$W11L19;48 61 52 86 43 12 17 68 65 5 62 54 56 0 91 89 ;0 1 0 2 1 2 1 3 2 3 2 4 3 4 3 5 4 5 4 6 5 6 5 7 6 7 6 0 
$W11L20;66 64 7 59 83 9 52 80 1 62 65 45 79 16 ;0 1 0 2 1 2 1 3 2 3 2 4 3 4 3 5 4 5 4 6 5 6 5 0 
$W11L21;70 69 32 3 82 23 71 55 28 19 90 6 20 23 90 59 42 93 ;0 1 0 2 1 2 1 3 2 3 2 4 3 4 3 5 4 5 4 6 5 6 5 7 6 7 6 8 7 8 7 0 
$W11L22;21 9 86 34 53 23 1 96 4 38 ;0 1 0 2 1 2 1 3 2 3 2 4 3 4 3 0 
$W11L23;65 80 45 82 52 50 63 75 3 3 12 32 ;0 1 0 2 1 2 1 3 2 3 2 4 3 4 3 5 4 5 4 0 
$W11L24;74 82 24 81 94 58 36 67 11 6 49 5 83 45 54 31 41 34 20 42 ;0 1 0 2 1 2 1 3 2 3 2 4 3 4 3 5 4 5 4 6 5 6 5 7 6 7 6 8 7 8 7 9 8 9 8 0 

#World 12
$W12L0;35 94 66 83 9 12 81 98 39 48 81 85 68 50 39 67 ;0 1 0 2 1 2 1 3 2 3 2 4 3 4 3 5 4 5 4 6 5 6 5 7 6 7 6 0 
$W12L1;25 70 47 74 9 93 91 61 32 45 85 2 10 80 41 20 53 58 88 0 ;0 1 0 2 1 2 1 3 2 3 2 4 3 4 3 5 4 5 4 6 5 6 5 7 6 7 6 8 7 8 7 9 8 9 8 0 
$W12L2;7 31 56 25 86 97 70 54 47 77 47 81 34 59 2 9 56 48 54 21 47 60 ;0 1 0 2 1 2 1 3 2 3 2 4 3 4 3 5 4 5 4 6 5 6 5 7 6 7 6 8 7 8 7 9 8 9 8 10 9 10 9 0 
$W12L3;99 35 80 34 55 85 15 4 83 32 4 43 63 84 40 26 ;0 1 0 2 1 2 1 3 2 3 2 4 3 4 3 5 4 5 4 6 5 6 5 7 6 7 6 0 
$W12L4;95 49 8 62 87 61 47 76 3 87 70 95 71 17 9 23 4 59 ;0 1 0 2 1 2 1 3 2 3 2 4 3 4 3 5 4 5 4 6 5 6 5 7 6 7 6 8 7 8 7 0 
$W12L5;7 67 9 10 99 88 69 35 87 5 66 87 33 2 0 80 52 1 ;0 1 0 2 1 2 1 3 2 3 2 4 3 4 3 5 4 5 4 6 5 6 5 7 6 7 6 8 7 8 7 0 
$W12L6;1 12 29 82 46 89 28 33 80 58 72 99 ;0 1 0 2 1 2 1 3 2 3 2 4 3 4 3 5 4 5 4 0 
$W12L7;92 99 83 5 70 39 98 7 6 93 78 48 10 26 40 89 52 5 ;0 1 0 2 1 2 1 3 2 3 2 4 3 4 3 5 4 5 4 6 5 6 5 7 6 7 6 8 7 8 7 0 
$W12L8;9 14 98 47 16 57 78 57 59 25 19 84 ;0 1 0 2 1 2 1 3 2 3 2 4 3 4 3 5 4 5 4 0 
$W12L9;91 44 61 39 77 58 73 25 83 74 52 28 85 62 13 23 9 54 97 36 ;0 1 0 2 1 2 1 3 2 3 2 4 3 4 3 5 4 5 4 6 5 6 5 7 6 7 6 8 7 8 7 9 8 9 8 0 
$W12L10;57 16 99 97 94 59 82 69 89 30 27 23 83 9 0 82 6 39 ;0 1 0 2 1 2 1 3 2 3 2 4 3 4 3 5 4 5 4 6 5 6 5 7 6 7 6 8 7 8 7 0 
$W12L11;63 30 67 85 53 77 30 81 46 20 45 16 ;0 1 0 2 1 2 1 3 2 3 2 4 3 4 3 5 4 5 4 0 
$W12L12;49 50 30 70 9 91 11 95 27 42 99 99 0 54 38 92 41 41 ;0 1 0 2 1 2 1 3 2 3 2 4 3 4 3 5 4 5 4 6 5 6 5 7 6 7 6 8 7 8 7 0 
$W12L13;42 88 78 34 10 4 76 62 95 14 89 85 88 85 13 83 28 43 32 46 ;0 1 0 2 1 2 1 3 2 3 2 4 3 4 3 5 4 5 4 6 5 6 5 7 6 7 6 8 7 8 7 9 8 9 8 0 
$W12L14;67 4 14 4 21 83 30 66 45 82 87 83 21 16 94 60 16 16 ;0 1 0 2 1 2 1 3 2 3 2 4 3 4 3 5 4 5 4 6 5 6 5 7 6 7 6 8 7 8 7 0 
$W12L15;5 51 57 38 1 0 76 99 55 78 67 68 32 49 ;0 1 0 2 1 2 1 3 2 3 2 4 3 4 3 5 4 5 4 6 5 6 5 0 
$W12L16;25 19 70 49 62 63 18 79 34 40 71 71 ;0 1 0 2 1 2 1 3 2 3 2 4 3 4 3 5 4 5 4 0 
$W12L17;57 38 89 13 0 82 18 95 58 64 73 72 52 87 90 25 ;0 1 0 2 1 2 1 3 2 3 2 4 3 4 3 5 4 5 4 6 5 6 5 7 6 7 6 0 
$W12L18;52 39 92 83 12 47 21 51 77 13 91 0 2 68 87 9 ;0 1 0 2 1 2 1 3 2 3 2 4 3 4 3 5 4 5 4 6 5 6 5 7 6 7 6 0 
$W12L19;37 29 20 47 26 31 77 94 82 44 82 78 57 94 62 60 42 94 30 40 30 96 ;0 1 0 2 1 2 1 3 2 3 2 4 3 4 3 5 4 5 4 6 5 6 5 7 6 7 6 8 7 8 7 9 8 9 8 10 9 10 9 0 
$W12L20;99 65 42 94 42 70 96 5 91 42 42 61 ;0 1 0 2 1 2 1 3 2 3 2 4 3 4 3 5 4 5 4 0 
$W12L21;99 65 39 29 65 70 92 56 65 73 1 51 83 77 74 53 96 94 ;0 1 0 2 1 2 1 3 2 3 2 4 3 4 3 5 4 5 4 6 5 6 5 7 6 7 6 8 7 8 7 0 
$W12L22;73 66 15 51 37 47 94 49 71 83 69 95 68 81 37 37 77 38 78 29 ;0 1 0 2 1 2 1 3 2 3 2 4 3 4 3 5 4 5 4 6 5 6 5 7 6 7 6 8 7 8 7 9 8 9 8 0 
$W12L23;52 60 76 64 38 34 25 73 62 71 2 84 ;0 1 0 2 1 2 1 3 2 3 2 4 3 4 3 5 4 5 4 0 
$W12L24;66 42 76 36 42 41 29 28 56 85 49 78 ;0 1 0 2 1 2 1 3 2 3 2 4 3 4 3 5 4 5 4 0 

#World 13
$W13L0;68 54 52 76 98 41 35 48 79 9 41 32 63 58 61 2 50 87 48 50 ;0 1 0 2 1 2 1 3 2 3 2 4 3 4 3 5 4 5 4 6 5 6 5 7 6 7 6 8 7 8 7 9 8 9 8 0 
$W13L1;94 82 78 16 76 97 71 11 53 13 31 95 ;0 1 0 2 1 2 1 3 2 3 2 4 3 4 3 5 4 5 4 0 
$W13L2;65 44 54 39 10 20 27 23 84 0 85 81 65 19 60 62 42 2 ;0 1 0 2 1 2 1 3 2 3 2 4 3 4 3 5 4 5 4 6 5 6 5 7 6 7 6 8 7 8 7 0 
$W13L3;65 17 3 32 82 39 41 51 68 30 82 25 19 60 ;0 1 0 2 1 2 1 3 2 3 2 4 3 4 3 5 4 5 4 6 5 6 5 0 
$W13L4;96 64 26 91 37 0 36 1 75 98 34 39 ;0 1 0 2 1 2 1 3 2 3 2 4 3 4 3 5 4 5 4 0 
$W13L5;85 45 51 99 7 94 46 3 35 83 30 35 21 81 ;0 1 0 2 1 2 1 3 2 3 2 4 3 4 3 5 4 5 4 6 5 6 5 0 
$W13L6;53 19 38 9 87 65 91 17 6 19 25 15 ;0 1 0 2 1 2 1 3 2 3 2 4 3 4 3 5 4 5 4 0 
$W13L7;91 99 33 11 90 2 76 69 45 49 18 31 ;0 1 0 2 1 2 1 3 2 3 2 4 3 4 3 5 4 5 4 0 
$W13L8;6 25 99 70 92 67 33 62 65 22 94 18 ;0 1 0 2 1 2 1 3 2 3 2 4 3 4 3 5 4 5 4 0 
$W13L9;2 15 36 30 83 6 37 95 72 14 36 9 10 10 23 46 ;0 1 0 2 1 2 1 3 2 3 2 4 3 4 3 5 4 5 4 6 5 6 5 7 6 7 6 0 
$W13L10;14 95 54 93 83 98 33 43 46 60 26 17 74 56 79 99 50 0 30 63 53 87 ;0 1 0 2 1 2 1 3 2 3 2 4 3 4 3 5 4 5 4 6 5 6 5 7 6 7 6 8 7 8 7 9 8 9 8 10 9 10 9 0 
$W13L11;74 26 6 35 55 1 70 37 92 89 25 41 89 19 9 84 62 62 83 15 26 99 ;0 1 0 2 1 2 1 3 2 3 2 4 3 4 3 5 4 5 4 6 5 6 5 7 6 7 6 8 7 8 7 9 8 9 8 10 9 10 9 0 
$W13L12;30 86 25 36 73 84 64 69 85 93 16 4 12 8 72 9 13 53 3 70 ;0 1 0 2 1 2 1 3 2 3 2 4 3 4 3 5 4 5 4 6 5 6 5 7 6 7 6 8 7 8 7 9 8 9 8 0 
$W13L13;51 94 70 7 63 54 26 85 84 80 79 62 72 6 ;0 1 0 2 1 2 1 3 2 3 2 4 3 4 3 5 4 5 4 6 5 6 5 0 
$W13L14;73 13 23 78 21 95 56 47 16 42 58 72 65 85 18 33 76 34 32 84 23 84 ;0 1 0 2 1 2 1 3 2 3 2 4 3 4 3 5 4 5 4 6 5 6 5 7 6 7 6 8 7 8 7 9 8 9 8 10 9 10 9 0 
$W13L15;54 89 6 46 86 45 12 92 57 96 96 18 44 64 98 46 78 40 98 68 61 12 ;0 1 0 2 1 2 1 3 2 3 2 4 3 4 3 5 4 5 4 6 5 6 5 7 6 7 6 8 7 8 7 9 8 9 8 10 9 10 9 0 
$W13L16;83 28 98 81 88 1 50 7 81 17 0 18 8 98 9 24 92 52 69 3 85 75 5 72 ;0 1 0 2 1 2 1 3 2 3 2 4 3 4 3 5 4 5 4 6 5 6 5 7 6 7 6 8 7 8 7 9 8 9 8 10 9 10 9 11 10 11 10 0 
$W13L17;11 45 74 51 21 73 89 62 24 33 9 50 32 13 99 49 46 96 5 3 93 66 ;0 1 0 2 1 2 1 3 2 3 2 4 3 4 3 5 4 5 4 6 5 6 5 7 6 7 6 8 7 8 7 9 8 9 8 10 9 10 9 0 
$W13L18;53 88 7 39 45 28 38 95 71 29 96 34 80 4 46 89 48 8 66 89 89 24 99 62 ;0 1 0 2 1 2 1 3 2 3 2 4 3 4 3 5 4 5 4 6 5 6 5 7 6 7 6 8 7 8 7 9 8 9 8 10 9 10 9 11 10 11 10 0 
$W13L19;4 31 79 66 40 4 76 15 16 61 44 20 7 74 65 77 41 62 33 27 3 54 38 55 ;0 1 0 2 1 2 1 3 2 3 2 4 3 4 3 5 4 5 4 6 5 6 5 7 6 7 6 8 7 8 7 9 8 9 8 10 9 10 9 11 10 11 10 0 
$W13L20;94 1 86 5 58 16 85 43 33 57 80 4 42 67 57 88 8 40 44 77 ;0 1 0 2 1 2 1 3 2 3 2 4 3 4 3 5 4 5 4 6 5 6 5 7 6 7 6 8 7 8 7 9 8 9 8 0 
$W13L21;20 25 32 11 79 52 39 12 11 39 13 13 50 87 63 6 ;0 1 0 2 1 2 1 3 2 3 2 4 3 4 3 5 4 5 4 6 5 6 5 7 6 7 6 0 
$W13L22;27 6 73 96 31 50 19 97 86 29 97 64 57 42 6 67 28 86 64 62 25 74 14 20 ;0 1 0 2 1 2 1 3 2 3 2 4 3 4 3 5 4 5 4 6 5 6 5 7 6 7 6 8 7 8 7 9 8 9 8 10 9 10 9 11 10 11 10 0 
$W13L23;10 58 78 88 15 34 66 10 93 12 68 55 18 31 1 7 96 33 42 71 9 44 ;0 1 0 2 1 2 1 3 2 3 2 4 3 4 3 5 4 5 4 6 5 6 5 7 6 7 6 8 7 8 7 9 8 9 8 10 9 10 9 0 
$W13L24;42 91 27 76 3 10 47 13 61 81 38 92 8 58 12 39 ;0 1 0 2 1 2 1 3 2 3 2 4 3 4 3 5 4 5 4 6 5 6 5 7 6 7 6 0 

#World 14
$W14L0;96 81 7 66 47 64 52 4 99 27 67 29 40 86 35 38 ;0 1 0 2 1 2 1 3 2 3 2 4 3 4 3 5 4 5 4 6 5 6 5 7 6 7 6 0 
$W14L1;60 0 70 10 25 12 44 86 56 2 72 46 36 4 71 23 54 9 47 82 32 69 51 63 ;0 1 0 2 1 2 1 3 2 3 2 4 3 4 3 5 4 5 4 6 5 6 5 7 6 7 6 8 7 8 7 9 8 9 8 10 9 10 9 11 10 11 10 0 
$W14L2;63 55 18 98 22 29 0 47 7 72 71 1 30 6 57 11 ;0 1 0 2 1 2 1 3 2 3 2 4 3 4 3 5 4 5 4 6 5 6 5 7 6 7 6 0 
$W14L3;89 3 62 76 55 30 40 68 75 73 79 30 29 75 12 29 88 26 91 67 78 43 30 14 ;0 1 0 2 1 2 1 3 2 3 2 4 3 4 3 5 4 5 4 6 5 6 5 7 6 7 6 8 7 8 7 9 8 9 8 10 9 10 9 11 10 11 10 0 
$W14L4;30 48 15 13 78 41 26 52 61 26 7 27 63 4 14 36 88 71 39 70 63 58 ;0 1 0 2 1 2 1 3 2 3 2 4 3 4 3 5 4 5 4 6 5 6 5 7 6 7 6 8 7 8 7 9 8 9 8 10 9 10 9 0 
$W14L5;15 84 81 96 85 98 63 39 48 82 73 59 40 20 19 81 80 17 98 97 ;0 1 0 2 1 2 1 3 2 3 2 4 3 4 3 5 4 5 4 6 5 6 5 7 6 7 6 8 7 8 7 9 8 9 8 0 
$W14L6;72 97 23 82 58 41 71 86 33 45 62 91 53 29 24 48 29 97 83 69 ;0 1 0 2 1 2 1 3 2 3 2 4 3 4 3 5 4 5 4 6 5 6 5 7 6 7 6 8 7 8 7 9 8 9 8 0 
$W14L7;54 20 92 60 93 68 33 74 94 37 65 52 41 49 1 2 66 94 ;0 1 0 2 1 2 1 3 2 3 2 4 3 4 3 5 4 5 4 6 5 6 5 7 6 7 6 8 7 8 7 0 
$W14L8;56 87 34 43 69 84 94 93 79 41 84 35 32 36 53 99 26 14 27 30 ;0 1 0 2 1 2 1 3 2 3 2 4 3 4 3 5 4 5 4 6 5 6 5 7 6 7 6 8 7 8 7 9 8 9 8 0 
$W14L9;28 30 50 9 69 99 75 29 4 10 51 58 51 99 79 13 64 95 ;0 1 0 2 1 2 1 3 2 3 2 4 3 4 3 5 4 5 4 6 5 6 5 7 6 7 6 8 7 8 7 0 
$W14L10;46 70 89 9 63 57 76 10 43 53 6 2 49 69 ;0 1 0 2 1 2 1 3 2 3 2 4 3 4 3 5 4 5 4 6 5 6 5 0 
$W14L11;61 98 96 8 61 34 13 10 77 10 54 14 92 22 49 88 16 47 ;0 1 0 2 1 2 1 3 2 3 2 4 3 4 3 5 4 5 4 6 5 6 5 7 6 7 6 8 7 8 7 0 
$W14L12;38 64 38 19 18 60 42 48 12 42 60 77 47 8 93 6 72 83 83 30 91 49 ;0 1 0 2 1 2 1 3 2 3 2 4 3 4 3 5 4 5 4 6 5 6 5 7 6 7 6 8 7 8 7 9 8 9 8 10 9 10 9 0 
$W14L13;63 73 51 1 29 0 6 69 1 59 42 20 61 32 51 72 ;0 1 0 2 1 2 1 3 2 3 2 4 3 4 3 5 4 5 4 6 5 6 5 7 6 7 6 0 
$W14L14;78 46 88 69 80 44 71 66 23 49 37 1 41 21 68 39 ;0 1 0 2 1 2 1 3 2 3 2 4 3 4 3 5 4 5 4 6 5 6 5 7 6 7 6 0 
$W14L15;35 67 47 35 29 38 70 88 34 7 20 84 83 51 34 45 98 95 8 35 69 4 ;0 1 0 2 1 2 1 3 2 3 2 4 3 4 3 5 4 5 4 6 5 6 5 7 6 7 6 8 7 8 7 9 8 9 8 10 9 10 9 0 
$W14L16;5 38 68 24 87 26 85 41 17 3 34 55 9 49 40 20 98 95 60 1 40 57 ;0 1 0 2 1 2 1 3 2 3 2 4 3 4 3 5 4 5 4 6 5 6 5 7 6 7 6 8 7 8 7 9 8 9 8 10 9 10 9 0 
$W14L17;13 54 63 38 69 56 94 4 42 64 87 9 75 49 38 82 ;0 1 0 2 1 2 1 3 2 3 2 4 3 4 3 5 4 5 4 6 5 6 5 7 6 7 6 0 
$W14L18;70 49 7 7 79 93 70 65 78 59 86 21 58 59 46 75 6 55 51 44 ;0 1 0 2 1 2 1 3 2 3 2 4 3 4 3 5 4 5 4 6 5 6 5 7 6 7 6 8 7 8 7 9 8 9 8 0 
$W14L19;33 0 50 30 56 13 3 45 2 85 84 11 97 55 19 84 69 55 15 89 88 86 71 71 71 49 ;0 1 0 2 1 2 1 3 2 3 2 4 3 4 3 5 4 5 4 6 5 6 5 7 6 7 6 8 7 8 7 9 8 9 8 10 9 10 9 11 10 11 10 12 11 12 11 0 
$W14L20;59 3 66 15 9 7 9 64 26 64 4 72 92 2 25 70 50 54 ;0 1 0 2 1 2 1 3 2 3 2 4 3 4 3 5 4 5 4 6 5 6 5 7 6 7 6 8 7 8 7 0 
$W14L21;85 81 1 40 0 24 48 20 21 67 54 48 36 58 57 11 0 7 60 88 87 88 10 72 71 8 ;0 1 0 2 1 2 1 3 2 3 2 4 3 4 3 5 4 5 4 6 5 6 5 7 6 7 6 8 7 8 7 9 8 9 8 10 9 10 9 11 10 11 10 12 11 12 11 0 
$W14L22;37 9 41 57 33 8 9 98 17 16 15 29 27 88 18 65 ;0 1 0 2 1 2 1 3 2 3 2 4 3 4 3 5 4 5 4 6 5 6 5 7 6 7 6 0 
$W14L23;35 61 88 77 8 97 76 70 24 6 74 52 57 71 41 24 ;0 1 0 2 1 2 1 3 2 3 2 4 3 4 3 5 4 5 4 6 5 6 5 7 6 7 6 0 
$W14L24;66 36 20 3 93 29 16 7 79 85 58 85 36 41 26 20 80 0 63 4 81 33 22 55 ;0 1 0 2 1 2 1 3 2 3 2 4 3 4 3 5 4 5 4 6 5 6 5 7 6 7 6 8 7 8 7 9 8 9 8 10 9 10 9 11 10 11 10 0 

#World 15
$W15L0;92 93 39 17 52 40 70 15 28 13 47 15 39 9 4 64 11 15 30 6 97 33 46 57 5 90 ;0 1 0 2 1 2 1 3 2 3 2 4 3 4 3 5 4 5 4 6 5 6 5 7 6 7 6 8 7 8 7 9 8 9 8 10 9 10 9 11 10 11 10 12 11 12 11 0 
$W15L1;39 94 67 57 63 53 33 50 35 69 95 65 61 66 76 56 ;0 1 0 2 1 2 1 3 2 3 2 4 3 4 3 5 4 5 4 6 5 6 5 7 6 7 6 0 
$W15L2;8 17 90 78 99 28 60 25 46 36 14 61 78 56 6 79 19 76 85 68 99 84 89 82 16 38 ;0 1 0 2 1 2 1 3 2 3 2 4 3 4 3 5 4 5 4 6 5 6 5 7 6 7 6 8 7 8 7 9 8 9 8 10 9 10 9 11 10 11 10 12 11 12 11 0 
$W15L3;18 61 65 54 29 9 46 80 17 81 54 82 19 23 68 30 7 57 34 58 60 96 43 7 45 33 ;0 1 0 2 1 2 1 3 2 3 2 4 3 4 3 5 4 5 4 6 5 6 5 7 6 7 6 8 7 8 7 9 8 9 8 10 9 10 9 11 10 11 10 12 11 12 11 0 
$W15L4;75 76 61 71 75 89 38 47 65 58 40 36 32 33 3 76 9 83 94 79 26 10 25 29 ;0 1 0 2 1 2 1 3 2 3 2 4 3 4 3 5 4 5 4 6 5 6 5 7 6 7 6 8 7 8 7 9 8 9 8 10 9 10 9 11 10 11 10 0 
$W15L5;81 24 32 86 86 35 45 11 69 62 20 5 98 91 41 77 46 50 92 41 22 36 ;0 1 0 2 1 2 1 3 2 3 2 4 3 4 3 5 4 5 4 6 5 6 5 7 6 7 6 8 7 8 7 9 8 9 8 10 9 10 9 0 
$W15L6;23 8 53 49 86 33 45 39 20 95 72 99 34 73 6 74 90 78 ;0 1 0 2 1 2 1 3 2 3 2 4 3 4 3 5 4 5 4 6 5 6 5 7 6 7 6 8 7 8 7 0 
$W15L7;12 83 89 44 81 25 67 45 40 36 66 87 28 13 94 5 1 40 ;0 1 0 2 1 2 1 3 2 3 2 4 3 4 3 5 4 5 4 6 5 6 5 7 6 7 6 8 7 8 7 0 
$W15L8;23 57 35 22 5 73 47 99 20 7 74 3 38 76 38 1 64 48 64 70 ;0 1 0 2 1 2 1 3 2 3 2 4 3 4 3 5 4 5 4 6 5 6 5 7 6 7 6 8 7 8 7 9 8 9 8 0 
$W15L9;98 74 23 7 16 31 10 39 39 80 10 29 12 28 41 77 18 17 ;0 1 0 2 1 2 1 3 2 3 2 4 3 4 3 5 4 5 4 6 5 6 5 7 6 7 6 8 7 8 7 0 
$W15L10;72 38 39 14 88 33 23 61 46 6 95 22 1 87 22 45 84 73 67 10 84 69 40 52 52 45 ;0 1 0 2 1 2 1 3 2 3 2 4 3 4 3 5 4 5 4 6 5 6 5 7 6 7 6 8 7 8 7 9 8 9 8 10 9 10 9 11 10 11 10 12 11 12 11 0 
$W15L11;86 73 3 27 48 41 72 15 28 49 71 16 57 32 74 93 51 94 96 1 ;0 1 0 2 1 2 1 3 2 3 2 4 3 4 3 5 4 5 4 6 5 6 5 7 6 7 6 8 7 8 7 9 8 9 8 0 
$W15L12;68 65 92 54 48 38 0 47 69 64 16 74 99 23 28 39 89 59 83 23 87 6 ;0 1 0 2 1 2 1 3 2 3 2 4 3 4 3 5 4 5 4 6 5 6 5 7 6 7 6 8 7 8 7 9 8 9 8 10 9 10 9 0 
$W15L13;41 21 42 97 55 91 45 70 71 89 64 72 30 85 8 41 74 91 40 57 72 71 ;0 1 0 2 1 2 1 3 2 3 2 4 3 4 3 5 4 5 4 6 5 6 5 7 6 7 6 8 7 8 7 9 8 9 8 10 9 10 9 0 
$W15L14;25 78 87 61 75 64 65 5 41 74 59 84 26 33 32 44 84 84 57 18 16 42 33 47 ;0 1 0 2 1 2 1 3 2 3 2 4 3 4 3 5 4 5 4 6 5 6 5 7 6 7 6 8 7 8 7 9 8 9 8 10 9 10 9 11 10 11 10 0 
$W15L15;49 39 52 26 67 58 21 50 67 13 25 71 84 67 21 11 ;0 1 0 2 1 2 1 3 2 3 2 4 3 4 3 5 4 5 4 6 5 6 5 7 6 7 6 0 
$W15L16;95 8 96 66 40 5 41 21 51 41 31 15 98 2 93 21 41 75 99 74 70 96 ;0 1 0 2 1 2 1 3 2 3 2 4 3 4 3 5 4 5 4 6 5 6 5 7 6 7 6 8 7 8 7 9 8 9 8 10 9 10 9 0 
$W15L17;87 8 54 12 57 90 64 27 6 32 14 22 24 64 86 9 31 93 54 20 55 93 24 7 ;0 1 0 2 1 2 1 3 2 3 2 4 3 4 3 5 4 5 4 6 5 6 5 7 6 7 6 8 7 8 7 9 8 9 8 10 9 10 9 11 10 11 10 0 
$W15L18;75 74 35 90 24 85 14 65 8 30 97 98 10 43 81 75 10 83 97 48 23 4 22 61 ;0 1 0 2 1 2 1 3 2 3 2 4 3 4 3 5 4 5 4 6 5 6 5 7 6 7 6 8 7 8 7 9 8 9 8 10 9 10 9 11 10 11 10 0 
$W15L19;52 85 51 21 36 86 73 13 23 81 59 19 48 32 6 43 50 25 36 7 24 71 93 12 32 58 ;0 1 0 2 1 2 1 3 2 3 2 4 3 4 3 5 4 5 4 6 5 6 5 7 6 7 6 8 7 8 7 9 8 9 8 10 9 10 9 11 10 11 10 12 11 12 11 0 
$W15L20;33 24 71 83 32 38 51 33 17 41 87 43 89 49 73 69 78 27 ;0 1 0 2 1 2 1 3 2 3 2 4 3 4 3 5 4 5 4 6 5 6 5 7 6 7 6 8 7 8 7 0 
$W15L21;45 15 83 55 26 57 38 7 15 79 18 98 92 24 57 25 0 22 58 22 31 67 61 20 7 15 ;0 1 0 2 1 2 1 3 2 3 2 4 3 4 3 5 4 5 4 6 5 6 5 7 6 7 6 8 7 8 7 9 8 9 8 10 9 10 9 11 10 11 10 12 11 12 11 0 
$W15L22;89 85 35 29 69 80 6 70 43 85 24 52 63 72 26 99 ;0 1 0 2 1 2 1 3 2 3 2 4 3 4 3 5 4 5 4 6 5 6 5 7 6 7 6 0 
$W15L23;33 41 19 29 4 95 69 62 71 31 92 26 91 3 27 40 22 99 29 38 16 0 56 94 2 13 ;0 1 0 2 1 2 1 3 2 3 2 4 3 4 3 5 4 5 4 6 5 6 5 7 6 7 6 8 7 8 7 9 8 9 8 10 9 10 9 11 10 11 10 12 11 12 11 0 
$W15L24;99 84 31 13 20 21 61 90 53 57 51 90 2 72 20 0 22 64 9 6 ;0 1 0 2 1 2 1 3 2 3 2 4 3 4 3 5 4 5 4 6 5 6 5 7 6 7 6 8 7 8 7 9 8 9 8 0 

#World 16
$W16L0;44 27 98 92 81 21 7 98 42 70 34 18 19 9 30 26 98 99 7 52 63 68 81 0 ;0 1 0 2 1 2 1 3 2 3 2 4 3 4 3 5 4 5 4 6 5 6 5 7 6 7 6 8 7 8 7 9 8 9 8 10 9 10 9 11 10 11 10 0 
$W16L1;96 75 77 86 94 52 21 28 21 67 70 35 14 72 55 79 55 43 0 72 ;0 1 0 2 1 2 1 3 2 3 2 4 3 4 3 5 4 5 4 6 5 6 5 7 6 7 6 8 7 8 7 9 8 9 8 0 
$W16L2;59 33 19 43 90 2 72 43 98 77 9 8 82 9 71 38 3 69 ;0 1 0 2 1 2 1 3 2 3 2 4 3 4 3 5 4 5 4 6 5 6 5 7 6 7 6 8 7 8 7 0 
$W16L3;51 16 93 97 32 5 90 53 60 83 13 31 13 11 34 84 98 24 41 9 ;0 1 0 2 1 2 1 3 2 3 2 4 3 4 3 5 4 5 4 6 5 6 5 7 6 7 6 8 7 8 7 9 8 9 8 0 
$W16L4;25 84 2 93 3 5 72 19 85 14 75 93 88 74 96 49 0 74 35 16 60 37 27 76 10 67 ;0 1 0 2 1 2 1 3 2 3 2 4 3 4 3 5 4 5 4 6 5 6 5 7 6 7 6 8 7 8 7 9 8 9 8 10 9 10 9 11 10 11 10 12 11 12 11 0 
$W16L5;30 66 38 5 89 92 33 2 79 20 41 17 28 71 33 30 9 65 48 89 5 51 2 71 90 82 ;0 1 0 2 1 2 1 3 2 3 2 4 3 4 3 5 4 5 4 6 5 6 5 7 6 7 6 8 7 8 7 9 8 9 8 10 9 10 9 11 10 11 10 12 11 12 11 0 
$W16L6;26 17 76 60 69 72 1 25 4 20 47 55 2 49 5 11 54 97 61 42 8 56 30 83 9 35 ;0 1 0 2 1 2 1 3 2 3 2 4 3 4 3 5 4 5 4 6 5 6 5 7 6 7 6 8 7 8 7 9 8 9 8 10 9 10 9 11 10 11 10 12 11 12 11 0 
$W16L7;20 39 11 76 58 75 67 78 94 97 97 22 96 48 60 33 73 48 38 37 49 5 39 65 85 62 ;0 1 0 2 1 2 1 3 2 3 2 4 3 4 3 5 4 5 4 6 5 6 5 7 6 7 6 8 7 8 7 9 8 9 8 10 9 10 9 11 10 11 10 12 11 12 11 0 
$W16L8;38 73 3 34 14 52 18 31 23 94 63 4 66 68 46 97 85 30 ;0 1 0 2 1 2 1 3 2 3 2 4 3 4 3 5 4 5 4 6 5 6 5 7 6 7 6 8 7 8 7 0 
$W16L9;82 17 0 85 15 21 79 65 19 39 55 96 27 26 17 46 86 70 0 19 1 48 72 17 51 92 ;0 1 0 2 1 2 1 3 2 3 2 4 3 4 3 5 4 5 4 6 5 6 5 7 6 7 6 8 7 8 7 9 8 9 8 10 9 10 9 11 10 11 10 12 11 12 11 0 
$W16L10;57 43 74 57 79 11 85 50 53 86 12 77 45 66 83 10 99 89 31 28 94 6 95 66 ;0 1 0 2 1 2 1 3 2 3 2 4 3 4 3 5 4 5 4 6 5 6 5 7 6 7 6 8 7 8 7 9 8 9 8 10 9 10 9 11 10 11 10 0 
$W16L11;68 88 16 13 28 46 57 38 74 27 50 72 35 31 69 41 91 52 97 34 ;0 1 0 2 1 2 1 3 2 3 2 4 3 4 3 5 4 5 4 6 5 6 5 7 6 7 6 8 7 8 7 9 8 9 8 0 
$W16L12;86 92 67 50 21 4 79 6 65 56 45 24 32 23 64 93 63 56 23 59 55 79 ;0 1 0 2 1 2 1 3 2 3 2 4 3 4 3 5 4 5 4 6 5 6 5 7 6 7 6 8 7 8 7 9 8 9 8 10 9 10 9 0 
$W16L13;14 47 7 85 90 19 81 1 36 38 53 31 85 89 2 66 54 61 45 73 1 72 32 38 ;0 1 0 2 1 2 1 3 2 3 2 4 3 4 3 5 4 5 4 6 5 6 5 7 6 7 6 8 7 8 7 9 8 9 8 10 9 10 9 11 10 11 10 0 
$W16L14;49 98 90 18 82 95 96 55 49 32 2 64 67 8 55 0 58 54 20 94 0 72 47 15 10 83 ;0 1 0 2 1 2 1 3 2 3 2 4 3 4 3 5 4 5 4 6 5 6 5 7 6 7 6 8 7 8 7 9 8 9 8 10 9 10 9 11 10 11 10 12 11 12 11 0 
$W16L15;1 38 74 91 56 93 37 57 60 44 16 54 5 49 37 29 30 27 4 98 ;0 1 0 2 1 2 1 3 2 3 2 4 3 4 3 5 4 5 4 6 5 6 5 7 6 7 6 8 7 8 7 9 8 9 8 0 
$W16L16;74 92 36 4 20 90 11 61 90 56 2 21 45 79 74 67 25 40 99 1 98 21 ;0 1 0 2 1 2 1 3 2 3 2 4 3 4 3 5 4 5 4 6 5 6 5 7 6 7 6 8 7 8 7 9 8 9 8 10 9 10 9 0 
$W16L17;62 81 11 59 79 95 13 76 26 65 49 74 60 80 6 91 59 3 85 29 7 4 ;0 1 0 2 1 2 1 3 2 3 2 4 3 4 3 5 4 5 4 6 5 6 5 7 6 7 6 8 7 8 7 9 8 9 8 10 9 10 9 0 
$W16L18;43 66 21 91 90 25 3 21 16 24 21 59 13 71 48 68 80 71 81 10 0 9 7 0 10 67 80 5 ;0 1 0 2 1 2 1 3 2 3 2 4 3 4 3 5 4 5 4 6 5 6 5 7 6 7 6 8 7 8 7 9 8 9 8 10 9 10 9 11 10 11 10 12 11 12 11 13 12 13 12 0 
$W16L19;6 88 66 47 65 98 8 35 31 79 81 54 86 49 47 95 78 68 69 16 ;0 1 0 2 1 2 1 3 2 3 2 4 3 4 3 5 4 5 4 6 5 6 5 7 6 7 6 8 7 8 7 9 8 9 8 0 
$W16L20;25 40 96 68 48 13 29 34 64 90 54 20 67 88 72 94 39 0 90 22 88 60 ;0 1 0 2 1 2 1 3 2 3 2 4 3 4 3 5 4 5 4 6 5 6 5 7 6 7 6 8 7 8 7 9 8 9 8 10 9 10 9 0 
$W16L21;30 38 16 67 66 8 11 18 76 51 44 25 72 21 47 69 31 89 32 18 21 21 46 38 35 87 ;0 1 0 2 1 2 1 3 2 3 2 4 3 4 3 5 4 5 4 6 5 6 5 7 6 7 6 8 7 8 7 9 8 9 8 10 9 10 9 11 10 11 10 12 11 12 11 0 
$W16L22;66 71 72 40 90 63 27 81 17 78 57 14 46 23 53 62 61 20 19 42 37 97 33 36 85 69 28 8 ;0 1 0 2 1 2 1 3 2 3 2 4 3 4 3 5 4 5 4 6 5 6 5 7 6 7 6 8 7 8 7 9 8 9 8 10 9 10 9 11 10 11 10 12 11 12 11 13 12 13 12 0 
$W16L23;77 86 69 20 83 25 43 69 3 97 83 31 58 63 54 7 60 92 77 7 97 96 4 98 13 65 57 31 ;0 1 0 2 1 2 1 3 2 3 2 4 3 4 3 5 4 5 4 6 5 6 5 7 6 7 6 8 7 8 7 9 8 9 8 10 9 10 9 11 10 11 10 12 11 12 11 13 12 13 12 0 
$W16L24;33 59 80 7 0 89 92 64 26 19 57 35 37 64 77 25 1 69 1 59 57 52 ;0 1 0 2 1 2 1 3 2 3 2 4 3 4 3 5 4 5 4 6 5 6 5 7 6 7 6 8 7 8 7 9 8 9 8 10 9 10 9 0 

#World 17
$W17L0;24 51 2 67 63 33 80 67 20 52 97 78 47 84 1 28 46 85 6 45 29 32 76 41 18 64 ;0 1 0 2 1 2 1 3 2 3 2 4 3 4 3 5 4 5 4 6 5 6 5 7 6 7 6 8 7 8 7 9 8 9 8 10 9 10 9 11 10 11 10 12 11 12 11 0 
$W17L1;22 23 14 60 64 51 0 77 4 93 51 64 88 12 3 86 81 45 85 67 36 79 38 45 29 7 83 93 ;0 1 0 2 1 2 1 3 2 3 2 4 3 4 3 5 4 5 4 6 5 6 5 7 6 7 6 8 7 8 7 9 8 9 8 10 9 10 9 11 10 11 10 12 11 12 11 13 12 13 12 0 
$W17L2;30 64 5 40 80 77 66 9 55 22 63 91 86 56 74 69 13 43 ;0 1 0 2 1 2 1 3 2 3 2 4 3 4 3 5 4 5 4 6 5 6 5 7 6 7 6 8 7 8 7 0 
$W17L3;90 77 88 36 16 77 20 51 23 5 54 91 40 59 3 16 37 67 57 61 24 83 24 60 77 73 ;0 1 0 2 1 2 1 3 2 3 2 4 3 4 3 5 4 5 4 6 5 6 5 7 6 7 6 8 7 8 7 9 8 9 8 10 9 10 9 11 10 11 10 12 11 12 11 0 
$W17L4;77 54 69 96 88 63 2 4 0 3 65 3 11 57 10 73 77 56 52 35 87 56 27 41 ;0 1 0 2 1 2 1 3 2 3 2 4 3 4 3 5 4 5 4 6 5 6 5 7 6 7 6 8 7 8 7 9 8 9 8 10 9 10 9 11 10 11 10 0 
$W17L5;70 83 38 74 50 72 84 70 41 59 34 55 60 41 41 78 35 99 87 53 88 67 9 30 ;0 1 0 2 1 2 1 3 2 3 2 4 3 4 3 5 4 5 4 6 5 6 5 7 6 7 6 8 7 8 7 9 8 9 8 10 9 10 9 11 10 11 10 0 
$W17L6;59 62 64 51 80 82 40 10 92 89 36 92 26 24 64 5 5 71 ;0 1 0 2 1 2 1 3 2 3 2 4 3 4 3 5 4 5 4 6 5 6 5 7 6 7 6 8 7 8 7 0 
$W17L7;46 16 10 6 10 36 60 56 40 43 90 14 24 33 25 32 51 9 94 83 54 58 73 75 15 99 ;0 1 0 2 1 2 1 3 2 3 2 4 3 4 3 5 4 5 4 6 5 6 5 7 6 7 6 8 7 8 7 9 8 9 8 10 9 10 9 11 10 11 10 12 11 12 11 0 
$W17L8;80 50 45 41 23 47 45 55 79 31 93 57 42 30 28 60 47 19 ;0 1 0 2 1 2 1 3 2 3 2 4 3 4 3 5 4 5 4 6 5 6 5 7 6 7 6 8 7 8 7 0 
$W17L9;28 3 34 87 20 36 88 74 68 79 77 60 22 39 87 22 59 13 20 32 ;0 1 0 2 1 2 1 3 2 3 2 4 3 4 3 5 4 5 4 6 5 6 5 7 6 7 6 8 7 8 7 9 8 9 8 0 
$W17L10;77 47 57 48 91 84 96 50 49 2 0 34 35 75 65 73 63 24 42 15 8 21 78 94 ;0 1 0 2 1 2 1 3 2 3 2 4 3 4 3 5 4 5 4 6 5 6 5 7 6 7 6 8 7 8 7 9 8 9 8 10 9 10 9 11 10 11 10 0 
$W17L11;65 85 50 41 4 79 54 21 62 4 47 49 93 55 8 95 0 27 17 36 ;0 1 0 2 1 2 1 3 2 3 2 4 3 4 3 5 4 5 4 6 5 6 5 7 6 7 6 8 7 8 7 9 8 9 8 0 
$W17L12;99 68 79 70 66 82 91 60 49 98 86 70 76 72 20 52 63 55 11 96 5 57 ;0 1 0 2 1 2 1 3 2 3 2 4 3 4 3 5 4 5 4 6 5 6 5 7 6 7 6 8 7 8 7 9 8 9 8 10 9 10 9 0 
$W17L13;19 61 58 85 66 49 64 12 73 56 25 19 65 34 30 48 7 38 33 18 95 40 96 20 11 15 39 3 28 47 ;0 1 0 2 1 2 1 3 2 3 2 4 3 4 3 5 4 5 4 6 5 6 5 7 6 7 6 8 7 8 7 9 8 9 8 10 9 10 9 11 10 11 10 12 11 12 11 13 12 13 12 14 13 14 13 0 
$W17L14;47 86 49 55 58 31 42 82 24 26 32 59 6 97 10 52 74 4 98 36 18 20 98 96 93 72 82 77 75 62 ;0 1 0 2 1 2 1 3 2 3 2 4 3 4 3 5 4 5 4 6 5 6 5 7 6 7 6 8 7 8 7 9 8 9 8 10 9 10 9 11 10 11 10 12 11 12 11 13 12 13 12 14 13 14 13 0 
$W17L15;12 14 70 25 34 51 55 32 12 60 17 46 95 47 99 27 20 7 68 87 11 15 ;0 1 0 2 1 2 1 3 2 3 2 4 3 4 3 5 4 5 4 6 5 6 5 7 6 7 6 8 7 8 7 9 8 9 8 10 9 10 9 0 
$W17L16;98 26 80 91 14 31 25 18 27 89 17 75 25 52 88 51 10 53 43 38 ;0 1 0 2 1 2 1 3 2 3 2 4 3 4 3 5 4 5 4 6 5 6 5 7 6 7 6 8 7 8 7 9 8 9 8 0 
$W17L17;38 64 75 84 22 85 21 4 37 95 72 88 88 36 51 31 92 19 4 29 40 29 ;0 1 0 2 1 2 1 3 2 3 2 4 3 4 3 5 4 5 4 6 5 6 5 7 6 7 6 8 7 8 7 9 8 9 8 10 9 10 9 0 
$W17L18;22 34 13 23 18 52 53 72 10 91 59 54 62 24 42 73 83 42 34 14 97 53 41 61 54 43 ;0 1 0 2 1 2 1 3 2 3 2 4 3 4 3 5 4 5 4 6 5 6 5 7 6 7 6 8 7 8 7 9 8 9 8 10 9 10 9 11 10 11 10 12 11 12 11 0 
$W17L19;71 4 22 65 14 20 50 56 62 15 78 38 39 35 16 40 81 22 25 74 38 7 20 1 43 97 79 97 0 49 ;0 1 0 2 1 2 1 3 2 3 2 4 3 4 3 5 4 5 4 6 5 6 5 7 6 7 6 8 7 8 7 9 8 9 8 10 9 10 9 11 10 11 10 12 11 12 11 13 12 13 12 14 13 14 13 0 
$W17L20;58 52 80 17 17 98 27 39 19 37 63 64 48 70 69 37 86 51 82 49 ;0 1 0 2 1 2 1 3 2 3 2 4 3 4 3 5 4 5 4 6 5 6 5 7 6 7 6 8 7 8 7 9 8 9 8 0 
$W17L21;51 96 30 50 4 91 28 35 19 42 46 54 67 8 93 2 73 78 25 5 57 18 ;0 1 0 2 1 2 1 3 2 3 2 4 3 4 3 5 4 5 4 6 5 6 5 7 6 7 6 8 7 8 7 9 8 9 8 10 9 10 9 0 
$W17L22;39 79 35 14 98 1 82 14 46 40 26 35 82 11 70 54 82 28 45 21 18 28 68 5 ;0 1 0 2 1 2 1 3 2 3 2 4 3 4 3 5 4 5 4 6 5 6 5 7 6 7 6 8 7 8 7 9 8 9 8 10 9 10 9 11 10 11 10 0 
$W17L23;23 91 43 41 65 0 8 25 74 25 28 24 49 79 7 84 87 97 83 21 83 96 7 94 82 71 6 20 ;0 1 0 2 1 2 1 3 2 3 2 4 3 4 3 5 4 5 4 6 5 6 5 7 6 7 6 8 7 8 7 9 8 9 8 10 9 10 9 11 10 11 10 12 11 12 11 13 12 13 12 0 
$W17L24;95 5 81 88 47 85 6 71 17 11 59 83 8 55 69 11 58 41 93 52 45 42 23 14 64 25 ;0 1 0 2 1 2 1 3 2 3 2 4 3 4 3 5 4 5 4 6 5 6 5 7 6 7 6 8 7 8 7 9 8 9 8 10 9 10 9 11 10 11 10 12 11 12 11 0 

#World 18
$W18L0;48 53 43 83 94 99 17 87 2 15 83 95 28 43 12 72 24 38 22 30 27 44 17 78 ;0 1 0 2 1 2 1 3 2 3 2 4 3 4 3 5 4 5 4 6 5 6 5 7 6 7 6 8 7 8 7 9 8 9 8 10 9 10 9 11 10 11 10 0 
$W18L1;90 27 15 58 16 24 96 80 66 7 17 64 52 38 91 55 31 38 16 71 95 70 95 2 7 68 6 15 ;0 1 0 2 1 2 1 3 2 3 2 4 3 4 3 5 4 5 4 6 5 6 5 7 6 7 6 8 7 8 7 9 8 9 8 10 9 10 9 11 10 11 10 12 11 12 11 13 12 13 12 0 
$W18L2;60 68 59 12 21 8 57 83 15 66 50 50 4 50 35 2 82 62 35 33 90 57 ;0 1 0 2 1 2 1 3 2 3 2 4 3 4 3 5 4 5 4 6 5 6 5 7 6 7 6 8 7 8 7 9 8 9 8 10 9 10 9 0 
$W18L3;10 82 54 99 69 96 73 9 44 62 30 2 89 88 34 50 54 70 76 94 86 80 98 69 16 7 35 91 41 33 ;0 1 0 2 1 2 1 3 2 3 2 4 3 4 3 5 4 5 4 6 5 6 5 7 6 7 6 8 7 8 7 9 8 9 8 10 9 10 9 11 10 11 10 12 11 12 11 13 12 13 12 14 13 14 13 0 
$W18L4;16 25 46 23 8 46 78 80 1 48 42 51 45 60 10 29 95 17 13 50 13 3 21 22 99 10 ;0 1 0 2 1 2 1 3 2 3 2 4 3 4 3 5 4 5 4 6 5 6 5 7 6 7 6 8 7 8 7 9 8 9 8 10 9 10 9 11 10 11 10 12 11 12 11 0 
$W18L5;65 4 78 91 98 74 9 93 4 85 22 29 19 21 14 30 76 91 4 81 98 70 ;0 1 0 2 1 2 1 3 2 3 2 4 3 4 3 5 4 5 4 6 5 6 5 7 6 7 6 8 7 8 7 9 8 9 8 10 9 10 9 0 
$W18L6;94 69 9 48 92 43 22 62 7 44 74 23 79 55 88 41 22 4 85 38 61 53 45 21 ;0 1 0 2 1 2 1 3 2 3 2 4 3 4 3 5 4 5 4 6 5 6 5 7 6 7 6 8 7 8 7 9 8 9 8 10 9 10 9 11 10 11 10 0 
$W18L7;7 70 31 42 81 42 49 59 83 33 27 40 80 25 75 26 10 14 10 12 69 66 44 43 ;0 1 0 2 1 2 1 3 2 3 2 4 3 4 3 5 4 5 4 6 5 6 5 7 6 7 6 8 7 8 7 9 8 9 8 10 9 10 9 11 10 11 10 0 
$W18L8;87 91 15 35 90 14 19 61 36 87 16 59 82 72 19 79 20 80 92 56 ;0 1 0 2 1 2 1 3 2 3 2 4 3 4 3 5 4 5 4 6 5 6 5 7 6 7 6 8 7 8 7 9 8 9 8 0 
$W18L9;1 9 61 67 11 27 5 95 5 16 33 76 41 47 8 71 17 32 18 43 64 8 ;0 1 0 2 1 2 1 3 2 3 2 4 3 4 3 5 4 5 4 6 5 6 5 7 6 7 6 8 7 8 7 9 8 9 8 10 9 10 9 0 
$W18L10;84 33 10 51 31 92 38 96 49 40 9 84 57 19 28 5 9 82 76 77 62 34 80 65 7 40 86 8 21 79 ;0 1 0 2 1 2 1 3 2 3 2 4 3 4 3 5 4 5 4 6 5 6 5 7 6 7 6 8 7 8 7 9 8 9 8 10 9 10 9 11 10 11 10 12 11 12 11 13 12 13 12 14 13 14 13 0 
$W18L11;4 40 22 30 23 52 40 20 5 53 71 58 74 57 58 77 55 69 9 35 ;0 1 0 2 1 2 1 3 2 3 2 4 3 4 3 5 4 5 4 6 5 6 5 7 6 7 6 8 7 8 7 9 8 9 8 0 
$W18L12;89 38 99 44 55 94 33 76 4 78 36 66 20 51 66 2 88 55 75 37 80 64 55 26 35 24 ;0 1 0 2 1 2 1 3 2 3 2 4 3 4 3 5 4 5 4 6 5 6 5 7 6 7 6 8 7 8 7 9 8 9 8 10 9 10 9 11 10 11 10 12 11 12 11 0 
$W18L13;38 87 72 63 73 14 62 20 80 3 20 88 98 13 37 95 1 73 44 99 ;0 1 0 2 1 2 1 3 2 3 2 4 3 4 3 5 4 5 4 6 5 6 5 7 6 7 6 8 7 8 7 9 8 9 8 0 
$W18L14;54 1 47 68 28 4 52 76 13 4 34 49 48 93 26 26 70 88 8 63 19 76 65 76 ;0 1 0 2 1 2 1 3 2 3 2 4 3 4 3 5 4 5 4 6 5 6 5 7 6 7 6 8 7 8 7 9 8 9 8 10 9 10 9 11 10 11 10 0 
$W18L15;85 91 48 80 65 14 29 64 56 5 49 64 60 99 94 36 96 17 80 99 24 59 30 15 ;0 1 0 2 1 2 1 3 2 3 2 4 3 4 3 5 4 5 4 6 5 6 5 7 6 7 6 8 7 8 7 9 8 9 8 10 9 10 9 11 10 11 10 0 
$W18L16;15 15 20 56 27 43 62 27 27 40 44 96 54 13 21 12 76 87 53 8 ;0 1 0 2 1 2 1 3 2 3 2 4 3 4 3 5 4 5 4 6 5 6 5 7 6 7 6 8 7 8 7 9 8 9 8 0 
$W18L17;25 1 23 85 51 68 62 14 58 38 83 85 16 3 21 0 51 33 26 81 71 76 96 59 ;0 1 0 2 1 2 1 3 2 3 2 4 3 4 3 5 4 5 4 6 5 6 5 7 6 7 6 8 7 8 7 9 8 9 8 10 9 10 9 11 10 11 10 0 
$W18L18;58 51 26 76 56 0 39 70 18 72 94 30 20 65 34 95 75 43 26 26 12 70 ;0 1 0 2 1 2 1 3 2 3 2 4 3 4 3 5 4 5 4 6 5 6 5 7 6 7 6 8 7 8 7 9 8 9 8 10 9 10 9 0 
$W18L19;55 52 40 37 33 52 11 36 42 78 88 33 28 39 53 29 61 85 55 72 91 13 27 67 34 12 5 87 27 40 43 51 ;0 1 0 2 1 2 1 3 2 3 2 4 3 4 3 5 4 5 4 6 5 6 5 7 6 7 6 8 7 8 7 9 8 9 8 10 9 10 9 11 10 11 10 12 11 12 11 13 12 13 12 14 13 14 13 15 14 15 14 0 
$W18L20;22 94 18 28 27 32 21 43 67 40 29 28 90 65 76 98 9 47 90 76 32 3 31 28 77 37 4 90 ;0 1 0 2 1 2 1 3 2 3 2 4 3 4 3 5 4 5 4 6 5 6 5 7 6 7 6 8 7 8 7 9 8 9 8 10 9 10 9 11 10 11 10 12 11 12 11 13 12 13 12 0 
$W18L21;2 22 73 56 88 57 58 97 56 13 85 3 31 20 39 65 55 35 80 51 19 26 88 93 40 63 36 48 ;0 1 0 2 1 2 1 3 2 3 2 4 3 4 3 5 4 5 4 6 5 6 5 7 6 7 6 8 7 8 7 9 8 9 8 10 9 10 9 11 10 11 10 12 11 12 11 13 12 13 12 0 
$W18L22;53 83 77 20 43 7 81 32 30 74 22 26 62 52 18 34 48 56 51 60 9 34 16 60 77 74 ;0 1 0 2 1 2 1 3 2 3 2 4 3 4 3 5 4 5 4 6 5 6 5 7 6 7 6 8 7 8 7 9 8 9 8 10 9 10 9 11 10 11 10 12 11 12 11 0 
$W18L23;67 48 85 2 47 22 23 91 17 73 46 40 97 69 76 55 46 56 20 43 99 18 ;0 1 0 2 1 2 1 3 2 3 2 4 3 4 3 5 4 5 4 6 5 6 5 7 6 7 6 8 7 8 7 9 8 9 8 10 9 10 9 0 
$W18L24;23 84 82 55 27 91 37 47 13 20 22 19 69 31 65 61 22 49 79 66 97 47 50 18 5 71 44 82 35 18 87 76 ;0 1 0 2 1 2 1 3 2 3 2 4 3 4 3 5 4 5 4 6 5 6 5 7 6 7 6 8 7 8 7 9 8 9 8 10 9 10 9 11 10 11 10 12 11 12 11 13 12 13 12 14 13 14 13 15 14 15 14 0 

#World 19
$W19L0;3 77 14 74 27 37 73 67 79 4 39 87 45 30 18 31 51 9 0 85 8 37 79 1 60 31 41 41 ;0 1 0 2 1 2 1 3 2 3 2 4 3 4 3 5 4 5 4 6 5 6 5 7 6 7 6 8 7 8 7 9 8 9 8 10 9 10 9 11 10 11 10 12 11 12 11 13 12 13 12 0 
$W19L1;60 47 31 73 32 77 95 61 59 17 83 10 64 55 93 41 62 70 63 75 86 79 19 64 50 8 ;0 1 0 2 1 2 1 3 2 3 2 4 3 4 3 5 4 5 4 6 5 6 5 7 6 7 6 8 7 8 7 9 8 9 8 10 9 10 9 11 10 11 10 12 11 12 11 0 
$W19L2;68 45 84 21 5 80 22 97 45 93 86 49 60 9 67 24 55 45 91 80 72 36 36 43 33 37 37 63 84 71 36 73 ;0 1 0 2 1 2 1 3 2 3 2 4 3 4 3 5 4 5 4 6 5 6 5 7 6 7 6 8 7 8 7 9 8 9 8 10 9 10 9 11 10 11 10 12 11 12 11 13 12 13 12 14 13 14 13 15 14 15 14 0 
$W19L3;26 15 23 67 39 63 13 69 5 78 35 75 1 79 76 88 11 72 3 28 25 47 18 18 55 71 99 14 32 99 8 2 ;0 1 0 2 1 2 1 3 2 3 2 4 3 4 3 5 4 5 4 6 5 6 5 7 6 7 6 8 7 8 7 9 8 9 8 10 9 10 9 11 10 11 10 12 11 12 11 13 12 13 12 14 13 14 13 15 14 15 14 0 
$W19L4;99 59 27 80 0 15 10 53 35 80 63 81 72 5 59 83 93 71 21 93 24 67 79 0 99 16 92 55 ;0 1 0 2 1 2 1 3 2 3 2 4 3 4 3 5 4 5 4 6 5 6 5 7 6 7 6 8 7 8 7 9 8 9 8 10 9 10 9 11 10 11 10 12 11 12 11 13 12 13 12 0 
$W19L5;28 56 15 92 80 63 83 75 36 57 41 45 22 22 67 92 16 45 44 60 52 53 78 49 11 32 ;0 1 0 2 1 2 1 3 2 3 2 4 3 4 3 5 4 5 4 6 5 6 5 7 6 7 6 8 7 8 7 9 8 9 8 10 9 10 9 11 10 11 10 12 11 12 11 0 
$W19L6;75 38 63 45 24 84 73 55 95 16 37 4 87 94 92 88 69 41 90 54 32 97 36 59 65 96 ;0 1 0 2 1 2 1 3 2 3 2 4 3 4 3 5 4 5 4 6 5 6 5 7 6 7 6 8 7 8 7 9 8 9 8 10 9 10 9 11 10 11 10 12 11 12 11 0 
$W19L7;82 93 42 52 95 47 17 1 41 63 75 50 93 29 89 87 95 70 96 45 51 51 93 30 35 26 ;0 1 0 2 1 2 1 3 2 3 2 4 3 4 3 5 4 5 4 6 5 6 5 7 6 7 6 8 7 8 7 9 8 9 8 10 9 10 9 11 10 11 10 12 11 12 11 0 
$W19L8;70 40 85 95 23 81 47 85 14 4 36 20 97 48 69 13 32 73 21 95 24 21 35 56 8 64 14 54 38 40 23 72 ;0 1 0 2 1 2 1 3 2 3 2 4 3 4 3 5 4 5 4 6 5 6 5 7 6 7 6 8 7 8 7 9 8 9 8 10 9 10 9 11 10 11 10 12 11 12 11 13 12 13 12 14 13 14 13 15 14 15 14 0 
$W19L9;42 32 51 56 96 17 48 71 67 73 8 2 39 5 85 30 99 38 44 91 78 11 63 20 37 44 39 30 7 43 ;0 1 0 2 1 2 1 3 2 3 2 4 3 4 3 5 4 5 4 6 5 6 5 7 6 7 6 8 7 8 7 9 8 9 8 10 9 10 9 11 10 11 10 12 11 12 11 13 12 13 12 14 13 14 13 0 
$W19L10;2 45 53 65 89 88 64 32 24 76 81 16 77 51 41 17 47 92 20 90 27 26 5 77 26 69 1 86 ;0 1 0 2 1 2 1 3 2 3 2 4 3 4 3 5 4 5 4 6 5 6 5 7 6 7 6 8 7 8 7 9 8 9 8 10 9 10 9 11 10 11 10 12 11 12 11 13 12 13 12 0 
$W19L11;74 22 36 28 43 93 78 98 58 67 60 80 0 47 93 30 38 14 74 66 17 24 ;0 1 0 2 1 2 1 3 2 3 2 4 3 4 3 5 4 5 4 6 5 6 5 7 6 7 6 8 7 8 7 9 8 9 8 10 9 10 9 0 
$W19L12;34 96 16 16 13 48 65 32 79 18 84 89 56 47 87 98 85 69 48 22 20 4 53 60 46 10 ;0 1 0 2 1 2 1 3 2 3 2 4 3 4 3 5 4 5 4 6 5 6 5 7 6 7 6 8 7 8 7 9 8 9 8 10 9 10 9 11 10 11 10 12 11 12 11 0 
$W19L13;38 63 84 23 7 12 86 31 22 94 84 12 83 89 9 85 81 86 68 11 20 1 ;0 1 0 2 1 2 1 3 2 3 2 4 3 4 3 5 4 5 4 6 5 6 5 7 6 7 6 8 7 8 7 9 8 9 8 10 9 10 9 0 
$W19L14;11 35 84 38 5 49 33 29 2 71 47 18 4 41 95 29 35 37 51 18 81 52 14 2 51 0 35 31 20 2 ;0 1 0 2 1 2 1 3 2 3 2 4 3 4 3 5 4 5 4 6 5 6 5 7 6 7 6 8 7 8 7 9 8 9 8 10 9 10 9 11 10 11 10 12 11 12 11 13 12 13 12 14 13 14 13 0 
$W19L15;5 89 70 91 64 45 80 3 93 16 46 45 17 51 39 72 79 71 35 63 82 43 42 17 17 72 68 57 42 25 ;0 1 0 2 1 2 1 3 2 3 2 4 3 4 3 5 4 5 4 6 5 6 5 7 6 7 6 8 7 8 7 9 8 9 8 10 9 10 9 11 10 11 10 12 11 12 11 13 12 13 12 14 13 14 13 0 
$W19L16;47 81 44 49 5 7 28 66 24 50 88 70 41 20 9 33 47 65 93 42 85 82 26 76 68 78 95 84 ;0 1 0 2 1 2 1 3 2 3 2 4 3 4 3 5 4 5 4 6 5 6 5 7 6 7 6 8 7 8 7 9 8 9 8 10 9 10 9 11 10 11 10 12 11 12 11 13 12 13 12 0 
$W19L17;54 20 81 93 34 72 80 15 93 77 42 24 73 7 33 15 68 73 69 81 76 30 35 58 82 87 26 40 ;0 1 0 2 1 2 1 3 2 3 2 4 3 4 3 5 4 5 4 6 5 6 5 7 6 7 6 8 7 8 7 9 8 9 8 10 9 10 9 11 10 11 10 12 11 12 11 13 12 13 12 0 
$W19L18;27 5 34 75 45 49 71 40 23 84 24 46 90 25 24 2 87 5 25 31 38 27 44 95 49 36 29 1 71 51 ;0 1 0 2 1 2 1 3 2 3 2 4 3 4 3 5 4 5 4 6 5 6 5 7 6 7 6 8 7 8 7 9 8 9 8 10 9 10 9 11 10 11 10 12 11 12 11 13 12 13 12 14 13 14 13 0 
$W19L19;45 16 6 21 36 47 5 23 17 58 51 97 10 80 94 92 6 59 36 65 39 31 52 96 4 90 98 54 24 98 ;0 1 0 2 1 2 1 3 2 3 2 4 3 4 3 5 4 5 4 6 5 6 5 7 6 7 6 8 7 8 7 9 8 9 8 10 9 10 9 11 10 11 10 12 11 12 11 13 12 13 12 14 13 14 13 0 
$W19L20;77 20 34 59 26 98 39 71 35 73 71 57 58 45 95 86 0 85 39 41 5 85 59 52 24 82 ;0 1 0 2 1 2 1 3 2 3 2 4 3 4 3 5 4 5 4 6 5 6 5 7 6 7 6 8 7 8 7 9 8 9 8 10 9 10 9 11 10 11 10 12 11 12 11 0 
$W19L21;36 74 55 10 43 95 36 29 94 36 67 84 57 67 84 91 95 17 11 52 8 74 47 27 ;0 1 0 2 1 2 1 3 2 3 2 4 3 4 3 5 4 5 4 6 5 6 5 7 6 7 6 8 7 8 7 9 8 9 8 10 9 10 9 11 10 11 10 0 
$W19L22;22 49 93 85 75 28 98 36 25 40 91 63 53 82 99 59 38 3 88 1 79 1 25 41 99 87 ;0 1 0 2 1 2 1 3 2 3 2 4 3 4 3 5 4 5 4 6 5 6 5 7 6 7 6 8 7 8 7 9 8 9 8 10 9 10 9 11 10 11 10 12 11 12 11 0 
$W19L23;39 3 11 43 98 42 87 2 48 41 53 66 51 90 76 37 47 54 2 85 78 13 ;0 1 0 2 1 2 1 3 2 3 2 4 3 4 3 5 4 5 4 6 5 6 5 7 6 7 6 8 7 8 7 9 8 9 8 10 9 10 9 0 
$W19L24;9 36 29 68 56 7 43 4 6 27 39 39 42 55 47 84 33 52 24 95 47 83 49 42 97 47 36 92 84 83 51 30 ;0 1 0 2 1 2 1 3 2 3 2 4 3 4 3 5 4 5 4 6 5 6 5 7 6 7 6 8 7 8 7 9 8 9 8 10 9 10 9 11 10 11 10 12 11 12 11 13 12 13 12 14 13 14 13 15 14 15 14 0 

